0.000838994979858
0.000503063201904
0.000167846679688
0.000205993652344
0.00109100341797
0.000938892364502
0.000264167785645
0.000524997711182
0.000448942184448
0.000756978988647
0.000384092330933
0.000840902328491
0.000669956207275
0.000514984130859
0.000341176986694
0.00039005279541
0.000230073928833
0.000288963317871
0.000524997711182
0.000382900238037
0.000814914703369
0.000986099243164
0.000251054763794
0.000402927398682
0.000486850738525
0.000284910202026
0.000324964523315
0.000174999237061
0.000201225280762
0.00157189369202
0.000250101089478
0.0002760887146
0.000493049621582
0.000673055648804
0.000356912612915
0.000530958175659
0.000319957733154
0.000813961029053
0.000779151916504
0.000172138214111
0.000301122665405
0.000727891921997
0.000135183334351
0.000432968139648
0.000287055969238
0.000257968902588
0.000452041625977
0.000509023666382
0.000416040420532
0.00100088119507
0.000535011291504
0.000439882278442
0.000478029251099
0.000428915023804
0.00226902961731
0.000858783721924
0.000802993774414
0.000761032104492
0.000493049621582
0.00148606300354
0.000346899032593
0.000151872634888
0.000911951065063
0.000558137893677
0.000388860702515
0.000139951705933
0.000224113464355
0.000275135040283
0.000135898590088
0.00019097328186
0.000301837921143
0.000695943832397
0.000983953475952
0.000641107559204
0.000200986862183
0.000303030014038
0.000509023666382
0.000513076782227
0.000324964523315
0.000595092773438
0.000197887420654
0.000449895858765
0.000278949737549
0.000921010971069
0.000397920608521
0.000330924987793
0.000446796417236
0.000237226486206
0.000443935394287
0.000480175018311
0.000961065292358
0.000941038131714
0.000210046768188
0.000344038009644
0.000190019607544
0.000221967697144
0.000357866287231
0.00038480758667
0.000646114349365
0.000437021255493
