0.000568866729736
0.000361204147339
0.000325918197632
0.000322103500366
0.000408887863159
0.000312089920044
0.000399827957153
0.000303983688354
0.000416040420532
0.000313997268677
0.000324010848999
0.000313997268677
0.000297784805298
0.000331163406372
0.00031304359436
0.000303030014038
0.000349998474121
0.000318050384521
0.000319004058838
0.000322103500366
0.000309944152832
0.000358104705811
0.000340938568115
0.000346899032593
0.000367879867554
0.000405073165894
0.00031304359436
0.000337839126587
0.000329971313477
0.00031304359436
0.000317096710205
0.000335931777954
0.000308036804199
0.000325918197632
0.000339984893799
0.000353097915649
0.000334024429321
0.000319957733154
0.000344038009644
0.000425100326538
0.000318050384521
0.000316858291626
0.000324964523315
0.000339031219482
0.000322103500366
0.000356912612915
0.000331163406372
0.000330924987793
0.000312089920044
0.000328063964844
0.000316858291626
0.000319957733154
0.000328063964844
0.000351905822754
0.000325918197632
0.000351905822754
0.000331878662109
0.000334024429321
0.000351905822754
0.000341892242432
0.000335931777954
0.000346899032593
0.000333070755005
0.000362873077393
0.000362873077393
0.000313997268677
0.000335931777954
0.000327110290527
0.000329971313477
0.000324964523315
0.000356912612915
0.000314950942993
0.000418901443481
0.000339031219482
0.000339031219482
0.000349044799805
0.000355958938599
0.000341892242432
0.000334978103638
0.000351905822754
0.000313997268677
0.000323057174683
0.000334024429321
0.000336170196533
0.000333070755005
0.000331878662109
0.000346899032593
0.000349044799805
0.000344038009644
0.000325918197632
0.000320911407471
0.000352144241333
0.000310897827148
0.000346899032593
0.000338077545166
0.000319957733154
0.000330209732056
0.000324010848999
0.000339984893799
0.000342130661011
