200
970;91.1009690762
1398;82.0792510509
2753;88.4524610043
4560;61.1390650272
4827;60.6098189354
6998;80.353785038
9158;79.6285979748
13118;67.5880000591
12395;67.33197999
12381;86.5831890106
16133;54.6988880634
15504;70.3369050026
20478;40.5395550728
21891;77.0197899342
28374;69.4397490025
28488;77.7189481258
29133;93.7158689499
30203;73.1537530422
16841;69.3646819592
37040;58.9164090157
18499;51.63884902
25347;72.6203081608
34618;60.1266679764
2428;62.5561690331
23861;53.3527028561
33761;57.3619909286
41394;68.5173039436
35575;69.1940338612
11730;57.4341139793
17249;53.9432349205
12761;75.782171011
21315;61.7432630062
48065;57.6169810295
21405;55.1284210682
16623;77.2127029896
25780;51.7541730404
33156;76.380656004
41836;48.3064730167
37488;83.568611145
47159;55.857462883
45253;57.2023510933
50875;48.066313982
40488;63.9740619659
55115;53.9901480675
67287;52.8060040474
74878;83.1208889484
64705;72.8042340279
64037;56.6904919147
79026;63.8036539555
35102;73.2204539776
74952;65.8109970093
89582;55.8963589668
46185;76.7079029083
96892;82.910820961
55807;69.1819708347
39928;73.7363982201
51862;48.9563889503
44502;73.7321588993
59486;54.5251090527
71354;82.4490759373
81474;45.4870049953
77078;67.775277853
21715;53.0127110481
86779;59.714676857
98480;42.2486169338
88179;65.3447520733
100953;51.0633409023
43664;64.2380828857
64965;50.3858590126
47331;59.6660981178
112807;66.9889471531
132211;77.3171291351
78716;56.7533459663
56968;65.1492199898
70023;76.858399868
85529;81.8809959888
83560;61.2849421501
99117;60.1298668385
79056;85.083409071
99508;72.0689411163
91733;71.8106989861
107361;66.7434029579
124040;90.3442368507
48868;46.2087011337
130009;61.783575058
145968;83.5544159412
44903;79.3506569862
59952;50.5669519901
41799;61.8195519447
66403;84.452288866
84830;72.7056241035
108275;54.6114079952
83037;51.0053868294
115763;78.302934885
97115;86.8960468769
84906;59.9260380268
93586;54.5873420238
126662;82.1750490665
155811;62.3131120205
126517;62.7201650143
200
970;70.7948060036
1398;62.8010659218
2753;67.7983739376
4560;73.4205610752
4827;85.434664011
6998;85.4537110329
9158;75.3884539604
13118;76.0706160069
12395;84.9958109856
12381;71.686383009
16133;69.3960299492
15504;81.4054479599
20478;89.4856481552
21891;76.8401741982
28374;68.6280150414
28488;84.6081910133
29133;75.5928218365
30203;64.5149159431
16841;46.9850029945
37040;85.7197511196
18499;47.4583950043
25347;46.6061210632
34618;61.9031488895
2428;46.1758608818
23861;45.2326788902
33761;64.0798518658
41394;70.0410001278
35575;48.7513289452
11730;55.8559420109
17249;59.3942239285
12761;64.5499629974
21315;89.6281540394
48065;71.350673914
21405;40.4910891056
16623;51.0255110264
25780;58.2044980526
33156;60.9576170444
41836;65.2260730267
37488;83.5271070004
47159;83.5806660652
45253;69.9684519768
50875;62.6599168777
40488;58.2382700443
55115;68.4778988361
67287;68.4359071255
74878;63.6716580391
64705;77.391379118
64037;64.1202690601
79026;69.6218779087
35102;56.2795650959
74952;61.6796770096
89582;63.8814277649
46185;49.582875967
96892;79.7942361832
55807;52.7267069817
39928;51.0733041763
51862;58.7661271095
44502;43.2318980694
59486;49.9576311111
71354;58.5632350445
81474;82.4345090389
77078;50.8052179813
21715;41.8204860687
86779;77.2546269894
98480;68.3779261112
88179;60.9414331913
100953;63.1692509651
43664;55.1229739189
64965;61.4515609741
47331;50.6217460632
112807;70.9197518826
132211;76.6140599251
78716;52.2164227962
56968;56.8205859661
70023;55.6234059334
85529;56.4097008705
83560;78.1589589119
99117;65.6314430237
79056;42.912913084
99508;49.5692930222
91733;63.1934819221
107361;59.1598148346
124040;62.5851488113
48868;51.7398831844
130009;71.3071968555
145968;73.1209290028
44903;60.3990249634
59952;85.7770168781
41799;40.7089960575
66403;60.4454069138
84830;76.5282020569
108275;65.5732450485
83037;47.105670929
115763;63.291795969
97115;66.796432972
84906;56.6439199448
93586;63.4260940552
126662;66.7307620049
155811;79.4137811661
126517;60.8966469765
200
970;57.10983181
2306;53.0511610508
2579;81.7234539986
2764;83.8045670986
3172;68.3813760281
7414;78.8717451096
8005;85.4690349102
8570;72.9032580853
9423;65.1554348469
12386;73.5235381126
11822;78.7113189697
12161;76.2340919971
21907;76.7549290657
21754;84.5909800529
22001;78.8886508942
20951;81.0956399441
27778;70.644272089
28591;79.1132400036
29516;91.0069868565
19060;55.341698885
22635;58.2481939793
43823;90.1564309597
32616;62.2785000801
8302;71.4733438492
25490;58.8220040798
49453;83.6612818241
39696;68.9968569279
36597;57.6102349758
5953;68.6638610363
25148;58.2821900845
24039;67.3733420372
23019;86.4283351898
46050;61.6422810555
27685;53.062502861
26632;60.5790259838
25024;72.588255167
43942;56.2012870312
43471;64.0439898968
42048;72.6700289249
25080;60.191339016
51128;57.9396569729
46666;59.5778360367
49605;84.7687559128
28084;70.4827930927
27514;58.0359139442
66521;68.6434130669
48117;69.1231720448
29487;78.1966588497
28158;64.1073179245
57469;80.6732931137
58099;85.6313180923
50308;67.4151470661
51069;60.7458689213
83449;84.2859959602
79979;73.5529739857
53643;74.1654250622
91107;78.1711120605
87895;87.4132490158
82759;76.889936924
78257;66.5274710655
126466;96.1771841049
122100;84.0439381599
45239;52.4057428837
56532;52.689234972
123604;80.6024391651
123805;85.1694440842
85746;70.8932340145
16268;67.0651321411
10630;69.806333065
72655;51.5692808628
92479;61.8370308876
90921;56.7020630836
10154;78.8813741207
52679;55.7402980328
51783;69.4269959927
47484;89.146971941
39595;69.9181540012
87346;73.8454728127
54197;61.6897540092
44929;71.3721659184
94467;61.0490920544
79901;60.1178610325
91496;82.6498410702
45693;55.9069900513
132900;72.8987190723
129781;82.4523980618
92495;74.66832304
46996;63.0484302044
135303;67.4845860004
132870;75.9902760983
85400;66.0004141331
80770;57.6260700226
75897;57.9065737724
136741;80.243473053
90604;74.5320789814
87958;66.035364151
88425;59.1064450741
139701;79.3540170193
131476;68.8836388588
118601;58.0634989738
200
997;98.0172719955
1998;91.6912469864
2873;88.4523861408
4218;93.3767678738
5015;89.8213090897
6165;97.5822741985
6995;89.2703280449
8182;93.8483300209
7950;83.0807449818
10448;92.2814600468
11062;89.575564146
11726;87.8614480495
12716;101.459192991
13835;86.8977251053
15893;93.3821399212
15968;87.9883110523
15507;82.8916881084
17617;93.2324249744
19010;87.748912096
20701;96.1045629978
20581;89.4868490696
21541;87.2234811783
22739;89.1706500053
24010;90.4342558384
25354;89.3969888687
25039;85.0481140614
27853;90.037031889
25970;88.475687027
27397;90.7025699615
29481;89.0446388721
30492;91.6935529709
33008;91.3887729645
33071;102.302070856
35782;91.5546569824
33805;88.7159559727
32956;89.7286128998
36144;89.8894410133
38125;88.8709769249
39050;89.05367589
39055;88.1259250641
42504;92.5292460918
41247;91.2107551098
40541;86.895565033
45285;90.9869561195
43813;87.9820890427
46695;91.3497049809
45262;85.912539959
50565;90.8864619732
45014;91.1735739708
49143;86.5008649826
50883;94.4987230301
49890;95.3937468529
53802;95.913572073
56898;94.7654728889
56913;89.9059519768
52055;87.7496240139
57615;90.0667591095
56574;88.2724208832
59940;90.00268507
60407;91.200001955
58271;89.7498230934
61876;89.4393570423
66304;94.8673241138
66700;91.7165989876
63333;88.6360981464
61549;83.9299459457
66093;88.0232031345
65822;90.3486838341
66246;89.8297550678
66039;84.4803030491
66800;84.4239869118
75505;106.990822792
72498;88.7113311291
73072;88.1720271111
72203;85.9977149963
75438;90.190335989
74299;93.4847841263
72919;85.5577158928
79214;91.5722739697
75569;88.2984640598
78383;91.0725131035
81128;88.8484618664
85388;89.5624511242
86480;95.1992349625
86637;89.8963861465
82313;85.4143841267
85837;87.0750930309
93086;98.4444880486
92773;90.4632258415
93256;91.7450790405
92623;88.3334810734
94133;104.972044945
88471;85.8120529652
92285;93.9340751171
89696;83.7541761398
87086;84.9498779774
93559;85.7615520954
100815;89.5574021339
98703;91.7637910843
97099;86.9209918976
200
997;80.1957900524
1998;80.2088079453
2873;76.9378721714
4218;85.2088367939
5015;81.6890769005
6165;84.5886938572
6995;80.548913002
8182;84.1596028805
7950;70.591766119
10448;84.6198379993
11062;81.5345108509
11726;78.4714641571
12716;77.954431057
13835;93.1446349621
15893;84.1522700787
15968;80.3701660633
15507;73.2620799541
17617;78.9016518593
19010;80.2142169476
20701;83.865860939
20581;81.6680948734
21541;78.8096029758
22739;78.8312129974
24010;79.9866070747
25354;82.4336819649
25039;77.5871889591
27853;81.9635050297
25970;75.7655601501
27397;76.1779410839
29481;79.9290640354
30492;79.0456500053
33008;83.2188920975
33071;81.2926859856
35782;85.0001440048
33805;78.8213810921
32956;88.5388419628
36144;78.3762888908
38125;80.6988251209
39050;80.4404530525
39055;79.0959398746
42504;82.2891190052
41247;77.6784789562
40541;74.378319025
45285;83.2643067837
43813;78.4936790466
46695;80.5991458893
45262;76.7344148159
50565;84.3178310394
45014;74.7113099098
49143;78.9566059113
50883;79.7265291214
49890;77.0857048035
53802;84.6173350811
56898;85.423265934
56913;83.3105900288
52055;75.4693279266
57615;81.0226809978
56574;83.0924270153
59940;81.026968956
60407;81.0405848026
58271;79.7339830399
61876;80.2495338917
66304;84.0717639923
66700;84.7718839645
63333;78.2500510216
61549;74.9737350941
66093;78.5582950115
65822;77.0918440819
66246;77.0033998489
66039;75.319715023
66800;75.1332981586
75505;85.2471861839
72498;79.8261389732
73072;78.9280700684
72203;76.7842829227
75438;79.1837069988
74299;77.1985061169
72919;75.6098930836
79214;80.2724089622
75569;76.3376510143
78383;85.1073410511
81128;79.0194561481
85388;81.8159868717
86480;83.1461689472
86637;82.3382389545
82313;77.4469981194
85837;80.1625111103
93086;84.9321329594
92773;82.8831198215
93256;82.8549790382
92623;81.2858111858
94133;82.2503180504
88471;76.0232739449
92285;78.8621120453
89696;75.499281168
87086;74.0629611015
93559;77.4275012016
100815;82.685505867
98703;80.1836979389
97099;79.1746339798
200
997;115.919770002
1998;124.22476387
2873;113.507139921
4218;120.256273031
5015;118.503826857
6165;121.301673889
6995;118.642644882
8182;120.169440985
7950;110.128176928
10448;121.43296504
11062;119.870588064
11726;116.043883085
12716;115.756375074
13835;116.368426085
15893;121.393300056
15968;116.173429012
15507;111.297616005
17617;121.829957008
19010;116.525124073
20701;119.806265116
20581;118.491789818
21541;115.155122995
22739;115.882346153
24010;115.659535885
25354;119.170129061
25039;115.131968021
27853;117.540951014
25970;113.093105078
27397;111.993053198
29481;114.894869804
30492;115.882383823
33008;118.068022966
33071;120.241237879
35782;120.312201023
33805;113.278904915
32956;112.110331059
36144;114.515964985
38125;116.160465956
39050;116.628518105
39055;113.823442936
42504;122.60918808
41247;113.835972071
40541;111.753419876
45285;117.670112133
43813;115.306357861
46695;117.168149948
45262;114.365375996
50565;119.129889011
45014;116.405667067
49143;115.250339985
50883;118.786417007
49890;112.528351068
53802;119.689314127
56898;119.637414932
56913;119.89886713
52055;112.669862986
57615;115.994775057
56574;115.022536993
59940;118.424165964
60407;118.745458841
58271;120.714219093
61876;116.122452974
66304;120.822973967
66700;125.467875004
63333;116.319968939
61549;112.424627781
66093;114.106530905
65822;115.191180944
66246;114.501663923
66039;113.953161955
66800;114.133875847
75505;119.860018969
72498;117.79093194
73072;116.962399006
72203;113.385241985
75438;117.077440977
74299;116.783947945
72919;114.150184155
79214;122.684351206
75569;114.279069901
78383;119.747530937
81128;116.720526934
85388;120.150151968
86480;119.995993853
86637;118.504235029
82313;113.43427515
85837;116.847833157
93086;121.212986946
92773;117.795865059
93256;117.160908937
92623;118.740197897
94133;117.267218113
88471;113.012740135
92285;120.717113018
89696;113.429804087
87086;111.638609171
93559;115.131982803
100815;117.966096163
98703;116.293480873
97099;113.997674942
