20
970;0.627300977707
900;0.893868923187
1150;1.0979950428
1251;0.506151914597
830;0.723604917526
1180;0.93958902359
1278;0.888659000397
1503;0.699615001678
1409;1.32917785645
1450;1.54998707771
1700;0.70955491066
1584;1.05854296684
1858;0.739379167557
2676;1.44867300987
2799;1.49850916862
2710;0.866349935532
2733;1.26752877235
3329;0.944571971893
1358;0.911197185516
3545;0.655566930771
2274;0.747829198837
2262;1.09963297844
2636;0.89400100708
245;0.722183227539
2175;0.850313901901
2623;0.628369092941
3484;1.04723310471
5032;1.45131516457
988;0.581219911575
2269;0.736677885056
1204;1.07657289505
1879;1.1860768795
4506;0.806586027145
3212;0.451602935791
1602;0.852882146835
2592;0.945432901382
3667;1.09680700302
5467;0.672892808914
3578;1.12419199944
4698;0.824333906174
3907;0.955631971359
5895;0.468782901764
4327;0.807120084763
5247;0.59941983223
6596;0.645111083984
8289;1.39351916313
6088;0.84717297554
4584;0.673454046249
8087;0.813806056976
2943;1.13430905342
7140;0.83614397049
9265;0.696625947952
5163;1.10397791862
9829;1.06985282898
5037;0.726413011551
4090;0.982966899872
4878;0.569331169128
3280;0.892930030823
6785;0.817810058594
6239;0.910778999329
10025;0.758693933487
7106;1.00683689117
1858;0.785588026047
8819;0.690145969391
10107;0.674720048904
7495;0.826560974121
8330;0.743288993835
3762;0.954931974411
6937;0.69334602356
4931;0.763077020645
8494;0.840011119843
12628;1.09226989746
8235;0.898183107376
8630;1.34022593498
7185;1.5324780941
7548;1.62792205811
7623;0.896254062653
13360;1.03861498833
6361;1.35568284988
6924;1.40788698196
9246;1.01732110977
15584;0.675134897232
13042;1.15724205971
5209;0.424931049347
13257;0.90882396698
15645;1.13049697876
3694;1.10575008392
7481;0.668441057205
4846;0.893558979034
5726;1.62008690834
8854;1.12205386162
9455;0.792094945908
7430;0.647752046585
9217;1.0769340992
7974;0.98401594162
10214;0.775362968445
10339;0.705646038055
10518;1.01941394806
15679;1.04369401932
13921;0.767915964127
970;1.25814819336
900;1.33711791039
1150;0.955842971802
1251;0.976203918457
830;1.54868483543
1180;1.67937898636
1278;1.42320299149
1503;0.877058982849
1409;1.42626094818
1450;1.17027592659
1700;0.904119968414
1584;1.20878505707
1858;1.251994133
2676;1.27435016632
2799;1.15130496025
2710;1.07887506485
2733;1.35277700424
3329;0.984111070633
1358;0.709683895111
3545;1.12865900993
2274;0.609713792801
2262;0.461313009262
2636;0.788014888763
245;0.418353796005
2175;0.43465590477
2623;0.587716817856
3484;0.755689144135
5032;0.78864979744
988;0.524250984192
2269;1.0744228363
1204;0.97571015358
1879;1.43954181671
4506;0.790457963943
3212;0.915050029755
1602;0.69006896019
2592;0.746696949005
3667;1.27995300293
5467;1.61804008484
3578;1.45061707497
4698;1.18187689781
3907;0.78945183754
5895;0.783609867096
4327;0.809769868851
5247;0.740683078766
6596;0.735158920288
8289;0.977773189545
6088;0.808291912079
4584;0.695137023926
8087;0.933248996735
2943;0.557631969452
7140;0.785947084427
9265;0.927194833755
5163;0.964113950729
9829;1.17348313332
5037;0.672161817551
4090;0.848721027374
4878;0.644994020462
3280;0.383098125458
6785;0.886498212814
6239;0.902008056641
10025;0.934391021729
7106;0.965057849884
1858;0.774975061417
8819;1.06739592552
10107;0.992565155029
7495;0.580471992493
8330;0.824976921082
3762;0.594911813736
6937;0.724920988083
4931;0.585233926773
8494;0.57966709137
12628;1.07121801376
8235;0.67357301712
8630;1.07117414474
7185;0.840348005295
7548;0.651925802231
7623;1.07723212242
13360;1.29901909828
6361;0.489531993866
6924;0.548768997192
9246;0.889275789261
15584;1.12757086754
13042;1.06049585342
5209;0.858109951019
13257;1.13128995895
15645;1.06377601624
3694;0.538181066513
7481;1.49739599228
4846;0.555238962173
5726;0.883878946304
8854;0.92026591301
9455;0.747711896896
7430;0.523279905319
9217;0.582878828049
7974;1.1901140213
10214;0.852880954742
10339;0.961926937103
10518;0.996991157532
15679;1.10729312897
13921;0.974980115891
873;0.737724781036
1710;0.607750892639
900;1.27448391914
690;1.07200813293
830;0.897844076157
1179;1.00766992569
1120;1.07114315033
1260;0.792639017105
1260;0.951848983765
1278;1.03778791428
1231;1.29957008362
1008;0.884127855301
2007;0.842674970627
1818;0.88046503067
2447;1.10759091377
2182;0.980473995209
2650;0.86282992363
3682;1.27150082588
3264;1.32668399811
1638;0.770951986313
2654;1.00177788734
4397;1.24109983444
2823;0.961983919144
973;1.21708106995
2756;1.08428192139
5205;1.54128909111
3441;1.04202389717
3323;0.883975982666
520;0.761701107025
1397;1.20462298393
2439;1.0701110363
2082;1.18368911743
4115;0.864440917969
2590;0.663332223892
2412;0.803284883499
2263;1.06596398354
4728;1.01807188988
4214;1.17953085899
4240;1.25515890121
2291;0.845623016357
3532;0.591337203979
4201;0.921584844589
4959;1.25409603119
1982;0.737072944641
3112;1.14162111282
6122;1.24521493912
4336;1.06690597534
2814;1.41485619545
3152;1.6446428299
5505;1.30258989334
5987;1.61632990837
4458;1.196860075
4923;1.02395200729
8499;1.06283593178
6631;0.932304143906
5333;1.052257061
8368;1.15380978584
9759;1.39417219162
7936;1.47219204903
7508;0.937163114548
13552;1.40980601311
12094;1.11676001549
5394;0.774482965469
5088;0.587294101715
11298;1.12604594231
11976;1.01376199722
7863;0.660317897797
1473;0.739872932434
673;0.871356964111
4421;0.757108211517
6714;0.933187961578
8255;0.890020847321
826;0.7542719841
4303;0.508963823318
4272;0.823814868927
4235;1.24669194221
4578;1.47691106796
8843;1.17280602455
5306;0.90624499321
4855;1.03439497948
10197;0.7290391922
8423;1.16929292679
8798;1.59673285484
3729;0.832306146622
12340;0.870687007904
13666;1.48770785332
8075;0.839806079865
4366;0.945541143417
12084;1.11800789833
13942;1.11778783798
8657;1.23688292503
7463;0.905823230743
9314;0.881792068481
15885;1.15294408798
10234;1.07223010063
8194;0.92132806778
9588;0.816565990448
14843;1.08547091484
12835;1.34660887718
9286;0.709108114243
994;1.54251718521
946;1.75748896599
998;1.57785010338
999;1.69970393181
963;1.18105697632
928;1.58624505997
986;1.28966403008
947;1.40203809738
994;1.73407888412
1002;1.52938699722
986;1.46573996544
1151;1.74970889091
1190;1.40465092659
1333;1.481965065
1816;1.76675605774
1670;2.02021288872
1868;1.49278497696
1845;1.75214600563
2129;1.3191781044
1907;1.35035300255
2264;1.2760579586
2581;1.45613193512
2222;1.44442296028
2701;1.28340411186
2396;1.38226604462
3164;1.38300991058
2820;1.26553893089
1887;1.0184700489
2146;1.11693286896
2994;1.21514105797
3498;1.37117290497
3152;1.30047988892
4219;1.39707303047
3423;1.33503508568
3185;1.15756893158
2990;1.2537779808
3556;1.169672966
3107;1.03128099442
4219;1.49438691139
3915;1.2783639431
3976;1.2436709404
4618;1.70949697495
4989;1.70562911034
4652;1.27550601959
5030;1.48736000061
5554;1.39541101456
3934;1.02486610413
4474;1.63339591026
4406;1.58277606964
4623;1.43353796005
4192;1.51731300354
5283;1.45322299004
4472;1.56997919083
6485;1.23800206184
4377;0.910336017609
5544;1.22854495049
6751;1.32100701332
6442;1.53477096558
5981;1.44032096863
5431;1.09675693512
4683;1.11784696579
5531;1.25455498695
5378;1.14435791969
6706;1.39808106422
5274;1.06610512733
7712;1.34676003456
5852;1.12158799171
7184;1.36864495277
6380;1.18688988686
8036;1.30736589432
7175;1.2954761982
7498;1.32935905457
6813;1.17115998268
8085;1.41297602654
7163;1.2364180088
7981;1.33227300644
6802;1.3151011467
5272;1.11055016518
7658;1.49656605721
6373;1.11043000221
10197;1.52906298637
8381;1.38719081879
9761;1.44303512573
6765;1.06475996971
8795;1.36730003357
10315;1.56975913048
9240;1.35753893852
7213;1.33919286728
10788;1.49942803383
10560;1.9770321846
10645;1.47027301788
9814;1.72741794586
7722;1.2695081234
11439;1.72655892372
9645;1.36550402641
8758;1.3756248951
9099;1.13671183586
11095;1.39558911324
9848;1.1050632
8917;1.22333908081
994;1.13101291656
946;1.44986391068
998;1.20294713974
999;1.25269293785
963;0.723056077957
928;1.18823003769
986;1.07963991165
947;1.16685891151
994;1.07638907433
1002;1.26659107208
986;1.21761608124
1151;1.07962918282
1190;1.05416893959
1333;1.22445702553
1816;1.83840990067
1670;1.13732218742
1868;1.21365904808
1845;1.20799899101
2129;1.23366808891
1907;1.03323197365
2264;1.11555600166
2581;1.23651790619
2222;1.09569406509
2701;1.19859194756
2396;1.03668093681
3164;1.42681598663
2820;1.10973787308
1887;0.863841056824
2146;0.947661161423
2994;1.23257184029
3498;1.37461495399
3152;1.17347097397
4219;1.62905287743
3423;1.38458299637
3185;1.21483707428
2990;1.40450906754
3556;1.17673182487
3107;0.863681077957
4219;1.31506180763
3915;1.03415298462
3976;1.10415101051
4618;1.33760595322
4989;1.17310595512
4652;1.18648099899
5030;1.15670895576
5554;1.5575530529
3934;1.12726306915
4474;1.23250508308
4406;1.29395389557
4623;0.984518051147
4192;0.88868689537
5283;1.37783002853
4472;1.76899504662
6485;1.67132019997
4377;0.893316984177
5544;1.24705696106
6751;1.68224787712
6442;1.09019780159
5981;1.44325685501
5431;0.971742868423
4683;1.01025295258
5531;1.00796580315
5378;1.01987195015
6706;1.26469111443
5274;0.934997797012
7712;1.41019701958
5852;0.887158870697
7184;1.31058192253
6380;1.00465893745
8036;1.19052791595
7175;1.12353086472
7498;1.19054389
6813;1.09033179283
8085;1.22275495529
7163;1.15196704865
7981;1.06969594955
6802;1.13431191444
5272;1.02232909203
7658;1.08962988853
6373;0.943178892136
10197;1.34833908081
8381;1.06612110138
9761;1.29760694504
6765;0.919654130936
8795;1.11805009842
10315;1.26366591454
9240;1.03716087341
7213;0.965975046158
10788;1.24908590317
10560;1.2429831028
10645;1.31168794632
9814;1.13765096664
7722;0.91300702095
11439;1.4568939209
9645;1.09569501877
8758;1.05587792397
9099;0.977964878082
11095;1.19345116615
9848;1.0958609581
8917;0.970670938492
994;1.57430005074
946;1.62352490425
998;1.52391314507
999;1.4211628437
963;1.17394804955
928;1.55516290665
986;1.50912213326
947;1.52444696426
994;1.44270300865
1002;1.51301789284
986;1.3177421093
1151;1.47862815857
1190;1.40788888931
1333;1.33243894577
1816;1.68924403191
1670;1.53279590607
1868;1.51939487457
1845;1.59573101997
2129;1.58862781525
1907;1.48302483559
2264;1.48604416847
2581;1.59134888649
2222;1.42938804626
2701;1.55278491974
2396;1.46675992012
3164;1.65721917152
2820;1.52150988579
1887;1.3459239006
2146;1.29759907722
2994;1.50458908081
3498;1.56758999825
3152;1.53639292717
4219;1.65319490433
3423;1.5159740448
3185;1.44558405876
2990;1.39781284332
3556;1.46427202225
3107;1.35635519028
4219;1.60494112968
3915;1.49584817886
3976;1.48915505409
4618;1.57443094254
4989;1.73604011536
4652;1.50918889046
5030;1.6067199707
5554;1.66258907318
3934;1.42584490776
4474;1.42193198204
4406;1.39284682274
4623;1.35861802101
4192;1.37747693062
5283;1.51351809502
4472;1.47790193558
6485;1.66672492027
4377;1.37032198906
5544;1.54358005524
6751;1.62270903587
6442;1.6279540062
5981;1.54540991783
5431;1.47702312469
4683;1.28873682022
5531;1.42080593109
5378;1.39745807648
6706;1.53914880753
5274;1.37653684616
7712;1.64952278137
5852;1.33264708519
7184;1.57175898552
6380;1.42783808708
8036;1.5579419136
7175;1.50834321976
7498;1.52163410187
6813;1.44762706757
8085;1.5864071846
7163;1.409252882
7981;1.58765983582
6802;1.43429493904
5272;1.2647998333
7658;1.50052499771
6373;1.39982390404
10197;1.70198106766
8381;1.38921093941
9761;1.72110080719
6765;1.30222678185
8795;1.52220392227
10315;1.67071604729
9240;1.54370093346
7213;1.42265701294
10788;1.60681819916
10560;1.63358807564
10645;1.73821401596
9814;1.58081817627
7722;1.38132286072
11439;1.66273212433
9645;1.52388381958
8758;1.48102211952
9099;1.39863586426
11095;1.60086894035
9848;1.43156909943
8917;1.31059503555
