66066
18148
70025
69758
30066
89033
24811
61804
58332
20207
37562
79140
98727
38959
55093
58760
22895
6354
883
58881
25153
24537
91745
14848
37167
87560
95751
17622
1695
14241
22292
73340
83790
32892
25109
7807
8612
75496
83661
8760
99156
76413
23857
83080
99809
20751
58728
43131
44034
69636
91000
91863
65872
83822
93834
23191
11621
37627
37166
95044
81659
55954
10727
99538
65800
82067
28335
35697
8179
84208
79046
25088
94512
48164
59607
5265
69995
20621
77825
3594
42486
99934
82277
57796
15787
63835
57200
88598
9106
12751
76947
28156
1027
13251
41756
64194
37910
85287
37561
8966
35644
1364
48925
36032
57837
5907
291
79475
39523
89110
40436
68315
70739
17675
46069
91086
21393
4433
68623
50929
35200
62118
85877
92398
57560
48674
40179
78407
97617
28269
27384
21521
80895
40366
61502
3338
28113
60414
21389
74697
60891
29201
27297
81345
17972
85602
10228
57499
58197
97118
51962
78089
129
60809
15486
38052
23912
48303
93255
97271
6898
75527
97062
87987
38305
93683
2999
98465
56388
6745
83460
95318
55834
99765
78950
10544
20741
69933
16891
95693
46618
40836
83059
51234
81703
9359
24090
16890
42856
93731
66652
48177
60720
17403
93795
9404
135
44590
92784
57595
64849
29128
37735
5800
75619
29402
25103
94339
98894
47324
68395
38684
76976
49779
50482
72171
42524
52667
93441
56121
11514
97435
4352
81875
21478
57577
24553
99855
5196
1836
41538
53388
9623
33085
31743
57686
64467
93398
76032
97794
12453
93751
82219
10877
38268
7002
19808
5285
81072
13432
81562
1867
99270
88834
86867
98315
11582
53076
21415
2464
51630
95002
23584
69155
98025
97162
9582
23487
33541
45373
35545
35108
2350
28970
3648
31435
29795
12203
70746
57900
68066
41316
41173
13555
94839
4180
51714
62127
43509
3786
32032
86516
57277
5825
52161
73490
45298
27202
72475
84760
79142
56608
71871
44061
79874
38768
68963
36592
69043
30943
77822
70684
4884
4099
16008
19718
6416
27850
59103
30162
20036
78454
52436
41274
52750
60011
76235
8360
63718
96000
41401
2306
64140
92802
91068
720
39762
52707
6485
97321
59851
82775
57449
36247
21988
7896
90969
20933
58678
99914
93963
9103
98143
25710
6343
57749
97916
17807
45511
74761
28025
65008
71738
91724
43434
46032
86538
62345
11703
50636
63788
30081
81766
26156
53539
80775
87020
63275
13184
63281
67409
46551
85615
40903
20355
14354
99310
44433
84429
30178
20505
40186
45494
82100
92158
91235
46967
35149
33708
77994
81834
75549
50346
13050
81473
11531
46539
9467
82074
22626
46905
59010
660
53652
3776
52971
82312
36363
62440
66180
69225
20957
15108
50440
56539
18316
20748
33663
72065
85770
44145
22036
91021
3311
8471
20289
67352
48203
61358
43263
25498
94320
45369
15438
20736
50996
30212
96184
8017
89015
36025
84311
24004
95064
99981
71772
40911
68471
85420
15111
56115
23211
23875
76016
69065
43475
924
94089
62167
99264
46182
48490
66358
13779
50344
17810
48801
74040
94261
33050
15250
40874
65643
92529
44225
82509
52201
24461
68722
66385
15000
60650
67433
16013
42263
71949
30168
58
44310
95349
69974
40251
19221
73992
90199
93
79167
93987
37965
74218
61113
1884
29244
25076
61898
29263
11492
86871
79047
99611
17811
64251
72142
75888
65380
34980
85654
15095
33269
5514
28204
26811
11873
12038
62845
10063
2651
48015
17581
98210
72610
32331
3339
90579
7594
33470
42412
93894
22951
86752
44942
99731
29
69905
50887
96963
28950
90402
15581
25486
21701
65480
10673
21890
63922
67835
82862
43486
46934
21252
53615
7459
15078
98089
66281
91511
80944
71909
50593
30933
55203
70607
57383
94680
68114
2730
39566
32012
1363
23024
8635
39693
60346
49418
66807
41785
55824
97032
22843
1549
33976
85256
38392
68779
4104
88247
7628
36027
47929
79003
14881
24092
85270
96520
73040
47720
19929
39478
24934
66386
92835
64132
19946
78068
37638
63827
19540
41898
21859
5139
69066
52854
8826
87945
32576
27419
36901
50597
19082
617
7401
53810
5585
11852
92223
70393
4988
24367
38637
62709
73447
1166
95467
38524
37411
97679
93855
26940
7163
97044
30748
16737
34700
58568
7367
98808
88320
76289
8491
41588
40932
76444
7640
82235
69495
76200
53594
27118
93613
12498
5703
13434
23851
50464
77890
64218
2488
98308
58559
47393
27594
36759
46682
96969
4289
94845
12994
78537
77826
11331
83816
89867
58816
18780
25523
74208
22320
32477
82306
56661
83968
86035
22365
9992
99106
29723
81553
29031
63239
90887
20542
21198
10896
84297
83595
42408
34016
23760
36995
93767
1416
1891
15288
18229
25820
97597
25016
57784
74689
90792
11898
2580
48249
9207
75655
40602
57272
58844
64531
73739
45034
94039
44264
75421
18491
4683
89877
41501
99531
38150
40902
15838
64799
97634
33262
20593
88448
78573
9737
62275
94521
65102
48250
44582
35551
73716
49313
4669
95447
54692
32239
82716
76091
37643
3413
62460
87101
4541
22348
21727
6215
84173
10652
96190
15578
17390
31594
95744
13506
44576
64291
28017
35515
33457
56245
10868
49212
74057
94667
34711
14441
52651
17364
30847
47443
96647
29737
24065
18435
72839
98846
3117
81790
75009
30723
18575
88655
72482
84562
79299
90870
94556
69248
57574
78270
93818
33838
96455
59883
16204
95757
8744
31628
41149
9993
53860
8654
13269
34872
41951
96597
48836
87349
81359
30017
46279
22607
95111
52126
14488
91486
96043
31361
23302
68762
14752
90632
52795
15923
6151
42300
42977
88967
13311
49573
22761
69119
11718
28420
84331
97061
93132
19301
12077
13126
7281
7203
55362
94683
48237
40727
8126
97713
45014
79039
22152
48872
3862
57961
11679
12679
79247
49837
42047
37729
11672
40956
74073
37811
39923
21790
63296
78634
78418
45528
48854
20236
86922
83153
50484
31946
21217
77669
83097
88732
15235
98620
97721
14994
44246
48398
24733
32713
9289
36646
20530
26993
59360
8109
22258
36213
97491
15525
17379
42440
12189
99799
656
60607
37775
27784
18797
60036
28832
75023
32748
50737
75933
17564
67749
86590
35868
4967
80912
11524
24051
73158
9645
85657
69497
57658
94586
98896
94826
12276
43159
23552
44702
71001
30875
44098
13863
53986
71740
55267
44964
49081
8310
77776
2227
98736
4577
36348
94631
41106
31368
17412
96782
13108
53743
84576
45362
76112
20352
4949
82440
93733
80369
26230
97649
27123
26799
98104
2277
29930
47556
52617
45454
74008
10259
29805
31223
33136
86702
48392
72451
72608
26004
1109
41266
38246
93180
70752
87823
86828
54865
95750
46775
63123
40348
31250
40644
83352
10231
7233
36421
1152
20342
76504
32247
80182
28954
39279
49888
71619
13003
56974
20852
40578
50371
41145
25555
19785
25323
52114
90157
89405
9609
17969
44769
63470
8498
71591
67022
52864
39890
26003
80446
37011
88399
8501
93183
44695
56952
99146
31902
98307
68325
72268
67495
27989
87051
31889
40629
70406
55605
68778
62139
18145
44324
23352
35241
70274
37498
15999
53213
38505
68473
53803
31984
87875
82133
43993
96212
45913
80237
57946
34863
6980
84570
60285
23537
14812
50088
86552
6484
65947
13964
55837
10630
23441
26895
64505
91876
80123
51503
84954
93790
51111
95934
47208
37273
50746
62147
35525
39401
37520
25721
44959
6764
84098
32102
87021
95820
9948
72822
55099
94303
11124
64352
63005
75977
55678
1685
23644
58412
72322
44706
99151
4819
75354
72355
31887
55229
99604
13913
70592
81271
32756
85326
36313
8823
50741
86553
38975
79180
19995
15983
11576
36769
17312
72680
92408
44299
49479
67623
57542
28630
24147
86745
33029
84072
39663
38413
24499
34076
16124
81733
81866
9212
11903
53297
91615
92055
16527
79870
67637
33372
46969
26368
81460
52187
50581
60602
338
22980
38217
3778
27336
46659
59531
76666
32393
29974
38509
93190
11117
56185
46220
8712
66649
4307
18879
45125
33739
97698
26290
61794
19978
38551
37335
44774
3986
58443
17708
47777
47742
96719
86334
85819
74536
75071
25876
99900
13496
76385
83159
72781
62331
5094
68225
54505
95381
87376
42775
29491
61002
50860
87997
90023
75963
27903
59562
5836
69973
49344
16563
7085
67447
43134
25833
67816
91045
94176
3680
53551
47680
91088
95913
74019
87868
46620
69251
30543
26825
15194
9846
64151
44079
16086
27682
2555
76720
59462
40910
62337
3847
41183
91765
24531
92129
64493
83102
93387
2387
81999
38602
23640
44761
9448
6405
40731
18274
84183
94914
25861
37671
38466
57032
27072
15475
77010
16881
35437
57800
57407
40132
83728
21730
71834
10187
19825
34042
6665
16759
58263
77422
1958
59806
86685
26382
95001
284
817
49867
67735
2449
3225
46940
73031
23939
54275
57647
91374
38712
39378
29802
57997
48116
86916
58695
20792
63048
12755
45653
48681
19890
43566
59286
99269
45178
53914
98806
99664
70257
75154
96834
33673
50722
79941
21524
75218
93397
46828
80914
14306
45534
5178
37934
31809
35368
73259
46190
1729
78960
52316
53951
56486
33685
67267
43490
64615
27992
18292
52392
75972
39281
37137
36539
71204
27824
36766
69915
88637
64376
67879
7165
95200
44224
65330
56634
5841
63069
59783
95443
30844
79014
4305
76352
16885
35743
44028
60383
86927
92309
71021
87745
33180
51598
45232
27802
94391
35665
38442
67458
21635
2405
56086
51769
11119
95692
27449
54328
45615
53711
31290
42568
77933
14760
15068
53728
56116
26606
92525
79809
4028
43079
37091
18533
41347
85765
88207
52545
69407
56819
5988
18268
35949
24715
5996
27696
65882
89983
64030
65638
76767
39691
86719
34550
62703
51004
14383
98361
82779
4477
24667
46305
54359
79487
62071
40440
69030
52778
99874
74275
38582
4946
74895
5954
25648
84249
73433
2761
58352
48918
66239
35224
33049
61997
18104
91048
74884
56549
68535
53238
5891
49095
6076
78767
15433
71535
59725
27927
27077
95722
48536
68837
21774
65993
3959
18016
12625
74420
387
13782
68515
29004
13860
35626
48597
27192
11391
8811
10675
52547
73246
33185
76673
32115
13213
8746
31385
16934
43647
57680
70313
7343
67507
26007
24435
85409
18025
55970
88730
27458
73000
79709
12603
70095
68196
98470
6849
52541
37367
73743
39508
91655
81637
75632
42174
84147
39049
26396
80931
98836
50693
86147
72838
42985
7537
85851
8753
4467
18358
24797
18143
67692
94300
68604
98662
22053
69246
91145
59316
55872
76165
70278
31059
54034
4149
22068
37106
313
54067
22140
69428
9121
86223
18527
80535
47093
44500
36927
55891
13197
54077
27398
37639
48282
33279
33907
62681
85528
70657
28841
53383
80853
96231
59766
18038
80285
16271
60699
30233
90772
57693
42205
61006
94804
62735
91893
50649
57435
66938
58221
64135
54257
67825
70079
83545
68233
17544
47451
33459
66928
33773
58938
63676
49749
25331
56525
67842
42879
80385
72232
95102
93136
7854
11698
69734
3727
79872
91308
69462
95176
3750
1761
71883
17350
1864
36170
39362
5606
9092
24570
93824
22490
96494
42542
19954
80924
13488
56874
56912
99374
20230
5448
56868
88211
62004
68710
29153
75789
6300
83836
74730
39110
99309
70130
10208
6182
94993
95553
86169
2329
93146
6872
50707
2713
74339
1419
50675
94045
2279
27057
81112
27443
42993
58605
95851
95678
95876
87099
26454
32608
2435
44400
1505
27747
94308
28081
43012
25947
94009
49014
92092
26823
10985
81924
45028
62975
92278
62998
23935
13732
85023
95737
76119
90692
48759
11902
64743
16423
37717
50542
96489
21866
38315
7708
91584
69727
3483
39760
58612
96503
96999
22026
4413
97550
2578
45329
7595
22333
9259
92200
58692
42597
38321
88389
88018
45532
21263
39788
88059
52001
83656
597
30482
22692
47967
93400
74820
61651
97048
13547
93063
59464
66582
88455
17546
49598
39063
12124
91649
46413
61494
42382
36930
81383
4095
90998
93764
83975
68969
49673
42585
55324
68017
28909
59947
69612
40883
1636
58537
70004
21768
90689
38391
47512
59447
91310
24267
44637
94404
95315
27620
37739
25743
75107
68082
76528
40395
66956
67904
95794
18418
33841
46555
42150
68583
50340
99227
54644
17131
9383
22586
32599
70461
45477
72349
78945
46733
17548
54375
1302
69443
54395
48871
92377
70588
93850
95256
6263
1032
73462
66193
8023
69128
33479
75962
91864
26742
9641
31997
91029
91822
63953
52717
51694
18059
27374
7922
84211
11167
78190
20471
62215
56031
22388
49119
94653
8495
43583
24703
44256
44473
17885
204
44796
99653
94285
34675
10524
49921
41598
40472
42111
37304
78201
2818
3990
71885
36191
75155
23300
98412
64406
87979
93067
69120
61238
69311
94778
52852
60735
94079
97380
69960
98260
51729
57715
87415
56855
20963
90241
17392
54269
9230
48363
81927
95264
1544
19662
2900
74366
94103
17789
80234
51535
7766
8269
99388
62661
51580
40780
78211
35010
96554
15853
4350
95706
3782
5459
62986
45439
23556
69518
7036
55671
69437
99417
94232
30653
67514
48716
18659
2652
18167
65334
78070
37977
85222
59413
31822
61092
45194
70410
7976
52957
85403
90334
47896
92447
11542
45612
62181
5052
28512
29222
84816
80008
5740
9455
20276
84216
93484
43437
75799
52334
13475
49747
67310
56239
4298
95545
60076
22584
36604
14332
69757
56374
38914
29225
39020
84903
89278
5126
93981
61705
81418
62620
96591
24620
44524
14394
12911
52842
53265
28672
20233
60448
32421
72571
77362
45473
56502
97880
80445
14083
36502
82973
91871
4616
26849
96835
17960
87602
26063
56827
78165
83189
91698
51295
25826
10761
65824
59231
13478
68177
40115
38048
36668
8546
2474
43354
98744
22313
97608
62289
96681
91844
45742
31190
70155
83599
34348
54435
87465
30849
42009
77987
32930
3791
15601
83363
89205
10135
19862
94057
78283
27317
21363
46251
94027
21253
9364
99286
43995
9377
49541
18124
77707
89386
63733
75571
9745
83118
84082
85519
4859
4760
71693
11761
3703
58962
92662
52249
79569
44464
44874
95115
74192
17835
28905
6860
97752
47562
14615
42948
690
25692
96315
47915
21064
93624
49732
36893
8992
64298
15323
11088
66743
7298
47496
17332
86012
66447
65275
86803
2317
18079
73479
48512
63453
55989
2526
12339
3031
14631
48385
14327
46204
57394
14628
30617
38221
62060
35576
51095
28019
22726
68113
24023
85384
55973
22681
61989
32489
15567
27766
78438
75567
85467
83813
81649
53416
3204
32517
32597
6920
88177
35280
16521
11127
62502
43789
37537
3548
30863
63207
17727
9851
25143
20591
68019
15700
27836
68006
84460
61203
84400
30096
57767
333
74070
58843
7985
73806
15145
5785
40841
86547
21930
99145
96359
17064
92365
66267
33987
47024
10376
62634
81302
25290
83447
20334
42789
89479
39806
98045
91442
26879
94297
56931
5111
71462
71741
74477
30749
46398
77122
46158
95513
60183
29480
27914
92379
78329
11890
11676
29068
91182
12150
55720
46378
48196
81682
78207
9076
96662
30571
22485
15412
54201
93497
307
65027
91286
95910
16079
55288
67630
69331
91150
17244
49387
31897
28996
84511
93631
26751
54722
76681
38934
33346
91933
34047
75705
36597
55321
56630
59083
7064
67891
15534
42242
45639
62427
24523
53947
47238
66680
87087
51744
15506
34782
2335
61677
69483
87756
27136
79991
61322
24832
99663
94920
179
72687
72304
75318
30899
92594
36545
36103
10757
32782
78108
19828
22471
18448
61893
25981
32762
75297
77330
94438
52657
56955
30936
30555
13172
76607
37358
70896
44107
9184
71446
70529
63288
31232
69575
81949
94636
74828
21719
28382
12191
84384
79700
89515
47480
52082
25994
97194
82127
43092
66672
17877
53437
60103
7327
76676
87724
14054
79038
77787
97616
52323
99968
52901
89566
2564
11135
86050
81011
38953
82373
28847
92721
10225
41397
94080
13892
80621
36627
97088
98639
10666
62012
57391
77515
60258
58410
29964
76853
43411
28618
4816
4449
36078
4436
44861
62802
78035
98319
96032
6355
93039
85805
53918
27312
45296
4369
72633
6689
83633
43952
10460
47646
63727
4208
30638
57106
73812
86100
29026
51827
84946
6854
68331
40288
31120
7622
8864
97359
47962
9918
65470
86967
93263
50836
70823
23159
54332
82728
89084
39583
62233
65099
84254
54847
98276
96684
3482
24209
10488
60744
88404
1849
36461
47924
83173
10412
25921
57157
42650
42782
9313
49958
44591
45546
43374
9166
86119
94044
70058
24946
11261
5487
8941
76643
53608
2802
96774
36460
39091
26724
10461
93629
98003
52555
76806
93442
16895
67151
49856
60142
35710
7686
21558
16485
45962
72216
38924
6994
54559
19541
73807
37781
66770
7906
96414
65217
79544
36053
20590
33549
67633
94385
10793
89229
8459
88185
24987
80236
83517
33186
40133
16503
68171
76542
58200
91330
3150
41612
69192
20987
7213
1494
19025
66436
31
38121
97465
64577
83340
98293
12503
56203
31402
30627
96041
46660
60579
34052
22216
84293
98778
84376
43706
88587
84835
94739
34022
35014
28997
42912
32192
19975
35777
35168
53622
69490
48995
86068
59185
34727
15473
53768
9707
65184
85172
65123
92651
69226
55366
31729
87705
25662
61953
58918
88911
93697
32113
43762
68878
91012
62409
47274
61856
81687
42690
34029
41045
18261
43685
21195
47790
90105
21717
92676
17337
90299
50024
16971
14282
64896
70154
6566
46404
86191
60629
93533
1551
65443
55067
97454
14008
72136
57431
36747
80489
30992
494
99649
37324
69791
52527
92983
11606
56820
70475
69259
95223
90380
24289
84343
58116
65393
40491
52727
46655
53179
66764
96087
92725
23378
4700
71918
52442
31647
81149
97753
19931
92807
87726
99552
98946
34830
52924
42772
56488
53475
94830
75416
54874
50559
42008
27672
92256
42340
10151
51768
70089
67076
43404
43055
95271
13348
52103
94018
98705
54004
95293
55520
17376
33943
68530
86255
3354
36063
94295
27360
99513
98398
93905
13285
93778
71038
66887
93085
15643
83675
64778
67054
54871
15481
52675
93961
9226
57675
58720
1801
88148
81692
27140
70338
19510
60000
30755
91975
11563
99229
53142
98157
41833
98661
88209
86738
26741
88712
71230
52625
52994
74399
5501
15712
39621
76951
26030
35646
60220
95647
38043
17618
63491
10094
83543
86654
74599
82160
1666
43018
20443
20322
95770
16771
1127
26038
88197
58040
88985
85599
2548
99747
36958
44269
88083
58603
11452
18823
97418
87511
37081
38746
87193
76527
58543
87842
40770
67546
28807
51974
13464
23008
3619
15726
97123
16377
37709
76319
71112
51999
35373
61487
14269
96124
97516
48181
16280
71139
36923
93119
1323
49251
35519
75010
13712
24827
81195
68732
11996
33896
62648
41213
53373
50211
31460
40521
7820
65160
18857
71342
46103
24312
37017
47993
35879
98333
48267
54913
15933
60523
50528
46464
82929
48296
38348
99695
31843
78058
99475
80379
37538
38527
61365
92378
10897
49120
84002
5317
42546
65229
76419
84226
24168
94972
69452
87136
55328
23202
41331
75904
75126
83461
36255
46899
61892
98484
26779
67641
92656
40988
85531
78310
89861
61687
90834
79895
40730
75810
11634
26837
66414
98460
21141
98875
74617
97737
71939
3867
62319
80940
10618
79807
11980
71295
97490
31310
18581
21771
95856
50398
69919
42113
74523
39393
66106
24599
69902
54667
28969
81529
43610
77804
78202
16597
36560
46283
9831
72146
9598
50667
22356
82139
12741
79128
77786
49049
7775
33210
28636
43859
37136
73057
91776
21110
8825
81125
30199
51522
86187
74404
41767
60073
41944
32246
24414
97244
77253
3405
58505
95656
22707
52936
27363
78000
6519
25494
61658
74273
86401
34060
70277
54169
90794
30094
76985
68662
46528
84528
68900
88928
87793
66971
10954
17156
7963
70572
63751
74746
55242
92930
63655
85520
55635
29857
5156
52259
62837
68765
65938
29213
65784
47361
1741
22624
257
44458
40893
82898
56210
26333
53650
47014
82114
65468
20270
8367
20001
33576
27434
57947
87356
81495
86470
50056
3762
74276
16043
65663
95683
44747
75983
81244
55496
87861
87374
23222
60913
51992
46432
53679
10577
60729
50504
47781
68780
47379
82883
37155
10648
18305
36793
51375
2997
5025
76738
10684
90572
29599
9535
94813
31264
67318
7555
56008
18280
73346
20223
39272
19994
87187
79770
57433
14735
1886
68118
86072
60235
6738
99090
71792
12637
81541
18344
96862
1706
39175
28060
36278
58522
71932
17353
58814
62285
69397
55381
23283
29356
64941
17689
68590
84666
52011
56287
93254
79758
62315
94205
24217
6222
72389
49204
55320
19342
60814
30443
6568
51065
98655
44497
98716
27550
88295
51217
65812
75466
60713
64583
57101
17009
16745
26337
26630
97947
49556
1076
39051
93844
94922
84891
52654
79339
93431
89043
22470
65852
68887
24754
67498
7197
56266
33486
60970
72507
21453
15655
42154
96602
37685
68328
15413
32289
95015
33223
86386
43516
27313
47812
81925
27797
29088
77624
45336
57939
94841
76267
77630
35283
85928
89303
2545
59800
97750
98384
71804
74037
90349
80018
76481
21673
6163
5183
37097
57346
6123
58355
77032
43571
9235
74107
70552
29066
16866
63205
23281
37785
83168
70678
85091
61859
13660
90208
44937
78088
28154
11973
41225
85570
93653
59159
21621
42618
45751
52839
91234
16217
17936
67602
98969
941
2504
98937
63930
15325
75656
31142
54793
16161
2137
14891
34248
37853
95494
10595
30156
48957
19979
16269
74631
17287
22158
33647
3189
74911
67500
99999
76594
19213
61503
84701
36328
24409
99970
13033
41096
61244
36596
22218
81770
50450
98370
99362
7246
55630
50169
39650
24399
60547
58034
17127
21796
14634
28498
43333
11861
4430
62035
88741
56817
42884
23744
64048
75279
92456
38419
99083
48102
37854
74983
62313
17982
77522
28523
35181
3367
20487
17995
8963
37726
4128
68975
83814
19503
64426
54361
69289
606
75868
19061
50076
14694
49817
28902
2102
92396
72205
75734
74147
87484
35919
55962
49518
98456
79474
53894
93303
43022
15755
79678
81801
32945
56839
99118
64960
71900
56242
45420
37596
5013
58942
32698
1873
11851
57773
65602
18106
58579
76146
3516
33197
63431
36881
93511
43567
28193
75138
30901
4903
34338
93297
53271
81166
88103
38182
63570
44844
20282
7259
59114
84917
31787
32097
90062
73920
27190
83179
49985
28789
20396
41567
40188
47265
87485
92310
16082
75507
15969
96610
23112
83512
54817
86966
3592
95094
55651
52466
10979
35272
23615
70880
47134
40511
97312
69312
20473
70324
8735
78889
49453
8892
58964
66954
3371
18562
11072
87125
2071
47313
23632
86172
37010
56831
78713
12236
22903
96870
89141
84454
55295
46568
79367
90558
45953
1459
95815
97290
24910
8318
35127
31203
85200
27841
38948
60902
24824
3591
72734
41963
42938
59088
6774
33814
90986
34159
30449
5114
80342
67401
58750
83601
5371
39230
7511
82830
91314
90323
18901
89979
94524
26427
25552
63881
97804
79041
8849
69886
95450
9848
9661
8325
42092
94808
41940
61213
29547
16493
13851
66288
48923
85454
39075
99028
7714
40290
80458
190
612
71610
100
66045
69095
38922
53288
96506
17174
21793
38273
8010
13638
97512
77854
42861
85956
33654
55785
48315
7706
94359
83670
37284
78426
34480
11151
30963
57612
49366
58030
12524
2734
82017
16279
12358
90855
51067
83115
30102
34470
61290
1625
82731
66252
7220
4793
30353
45997
27453
13032
87316
54927
97937
16532
95526
68960
85742
52231
94084
54756
18011
41433
51994
92282
94803
26670
14625
53241
55536
27
74063
34026
4507
56343
11450
65444
50004
96613
91431
89197
81155
16049
90683
33564
99587
22520
69111
75515
15397
26166
19264
70060
86587
14164
97646
98135
45556
18033
67905
81983
46480
74710
10008
61542
58877
95525
2303
95395
12182
67338
22602
75561
8660
80765
45833
13017
27242
90903
48396
84950
20927
48779
63243
98212
99113
60611
79903
45849
21842
7838
45918
77296
65650
15083
72798
88906
45818
90972
40124
82912
68935
50380
16331
69782
82477
4880
91943
74520
47584
15062
55221
47792
99329
56218
42973
56884
99285
8830
86278
51461
42598
88517
23624
71726
48991
24779
89621
58572
6807
13963
76567
27211
48150
19258
94283
96152
56580
40308
29509
91779
382
9873
5721
53733
81188
21357
24225
7338
47863
2614
97314
30982
64621
10492
19307
33898
32345
44911
20014
1240
97139
8305
52822
5527
77750
14445
74874
82826
80080
58998
19679
70343
10918
75588
27534
40802
86805
41090
25753
55448
58084
27187
79456
8723
90582
14127
59566
61015
70855
57714
79346
81805
97860
93973
846
35450
9847
98327
59572
80557
50683
38917
98363
29660
54996
51364
90999
88775
54098
36687
73631
35235
583
22424
83967
97621
88815
75773
94442
70446
85359
52504
31352
36409
52763
82092
85255
42326
96457
35435
25093
85039
91923
16252
32830
27247
20285
18528
50202
89659
61001
96931
43551
35131
45338
83106
33646
96134
63958
21157
46609
417
83304
91936
19355
27133
6892
90301
98072
38203
38401
42399
14018
62006
31764
28935
36746
61711
19497
19816
13428
84368
72636
47341
66864
50886
32905
42148
41388
16780
87873
70269
79954
41688
7618
24985
80104
60882
13134
60584
54118
42505
24724
73555
27011
22154
72619
59173
56533
84654
83983
15834
11420
97981
30636
54106
59640
25123
25591
19538
49523
2943
44699
68907
73244
44856
86181
64373
77587
92748
63755
92576
80252
81874
30979
91013
32182
50926
41693
38962
40942
218
98442
49356
52031
21498
88896
95028
7169
3887
56970
35838
69145
94564
78654
36102
20761
27848
36479
60298
19801
34668
3904
3456
58989
20019
5467
11783
73668
12602
13540
26486
17252
36811
12855
7815
25370
6753
27217
90337
36439
27701
5022
21476
41393
19949
1412
35911
29452
11120
35794
50050
6897
70427
45060
80988
55287
65547
55955
6477
99882
49178
93889
68174
98348
62351
17188
18078
28851
67902
71463
78225
17663
51269
57266
84662
47147
31119
82571
43479
37346
42114
46728
92075
24745
21313
3079
36976
36132
45533
83721
75253
15508
41095
98343
32699
5805
8196
97710
14692
58160
44253
97994
29673
18445
84087
34820
45468
12658
87871
30358
1229
5522
92612
19357
51218
79884
23156
9528
52812
83156
33965
40018
92230
8538
37902
93475
72999
71444
70869
56583
99863
44807
95147
46908
95887
50270
79688
11234
70507
42259
32929
60651
11812
4051
11031
66934
95764
63687
12226
21219
42076
19552
89514
6379
11398
58822
82464
9863
43802
88647
61634
97870
24315
76420
38177
10264
13363
3793
90533
18840
78590
81223
25500
6596
2100
54928
47893
56619
5516
22060
88462
35220
72643
62667
71514
88579
58530
9820
166
77117
3072
82382
34624
40367
83859
618
33216
77681
97639
34222
40933
22507
2757
81565
95101
22341
1779
50869
67448
20212
44510
56084
74072
76721
87617
35066
31551
57170
51633
30067
71004
33659
68410
40153
49076
62284
24355
87163
40912
32506
2814
309
10513
35768
1169
99860
25843
8425
21985
12101
93591
51366
13960
30375
19625
19939
71048
59165
90405
72865
1495
41656
32500
62062
85173
75597
87862
21251
81132
28840
61515
60113
11295
78295
70322
29573
77602
22268
36261
27328
60005
229
39782
96479
94279
23605
78672
90330
90443
68898
28941
11592
84388
73889
79662
83079
12017
96923
63455
36697
73129
33187
97985
49543
95004
51328
83589
49288
60905
72578
58959
35977
67828
57293
91156
36342
84843
97637
79811
48628
89570
18012
45517
82249
98314
33632
76093
18341
31606
65962
16564
12584
70203
64879
74960
53816
62669
51635
50812
49564
52689
28985
75254
69958
94489
74795
32726
22924
35457
68057
6591
80394
26098
58223
5164
95030
49651
72852
38135
45375
28425
85645
12763
75141
72692
57055
30252
95361
37282
95849
12002
97288
99040
91801
78696
54707
18329
85024
84163
95511
42753
43010
95953
42091
7654
49378
84275
42367
76265
88130
6820
6276
28843
24191
53989
88265
55739
45026
30184
39897
80382
4286
50338
75264
83883
54917
43127
6886
31276
21250
99339
6731
46902
15128
79946
20328
78763
64625
39504
12461
97984
64488
43809
77158
55714
14133
33337
16310
23217
60391
42776
34478
49190
94263
47829
48474
2245
38880
36180
21654
12903
45131
4260
19918
95620
54423
40421
79642
7821
51240
42116
64156
62924
62455
58135
52521
77043
56226
34297
15701
78135
20634
52701
17748
28133
27998
62283
49282
73818
74849
83807
51577
91326
14531
86620
87294
25428
34032
53841
82489
58607
49148
4547
65065
19409
41129
53251
8706
97791
36577
27104
96240
80027
9426
92472
55078
42125
51166
20169
9197
14999
42197
45209
11001
20938
36347
54901
55343
48520
7206
7835
5508
15043
36651
3347
57035
19476
72329
71607
90704
13117
67766
96027
88343
40606
37776
65681
55174
93018
65718
250
41477
89239
37580
55232
36408
46680
76787
29901
4140
50508
20420
36320
66940
14075
16977
42823
70472
17480
5515
43905
53455
385
74341
71601
46937
26110
80462
63512
18463
16806
63235
72362
22657
75410
97161
73678
60461
54888
48459
41211
37386
22364
59672
16320
29285
25387
97556
11731
84549
76294
79731
30995
14192
44872
31926
61013
55125
73979
62941
29727
33090
75749
15949
66673
70319
95769
39974
85305
72533
74461
37343
29984
27537
2096
12605
51866
8446
29335
81827
69466
20847
52835
3578
84777
44334
38415
23162
98426
72461
26535
36349
28944
12371
53850
96409
67375
11243
38388
28730
35467
35174
98615
89261
15071
48074
81402
46264
7045
3390
63509
85539
74242
17944
71162
76851
59698
48320
92865
54307
73309
54790
77376
12248
89759
84060
37786
35214
45829
97433
71246
99015
79326
15185
23784
7263
75078
81449
99003
67792
59969
10194
82561
42596
27987
19275
28049
78780
66902
49337
78335
80547
22108
89215
71631
35171
8133
81583
14833
55274
34072
17236
55392
90590
96049
71998
51279
46089
74734
40914
85183
16218
94148
75728
18375
10444
17023
98583
87295
75573
91085
18539
93946
24760
85065
98589
84094
88409
86185
14787
44353
44363
68690
86687
59284
1730
45883
16646
21084
57473
88563
49461
2169
27880
79319
49062
97122
13835
84972
79344
64986
70321
50647
39117
75191
26685
92625
86820
68774
39286
45299
73938
8226
41929
41135
80049
71668
40173
18686
61266
86650
78609
88048
35653
65194
28520
71304
10613
79698
35354
57189
71354
18353
77562
62792
13106
37980
55226
96729
85968
9051
58349
14050
15300
10212
98729
39481
74120
88433
54078
93956
62482
12478
19532
90061
47651
91595
99721
86938
46853
36681
32013
10050
19468
42206
78402
17224
18293
89840
56520
43728
67764
19031
35458
58599
90536
45721
2517
18835
98752
91040
9169
62716
72681
83051
7843
17755
28370
48950
40181
4266
79072
27146
88519
36212
32961
52127
31459
82359
99330
75790
68693
8063
86733
86644
71044
89547
6152
18101
6936
59759
51442
36014
18221
47569
91832
12586
1680
59209
87443
68049
63539
43314
78642
42436
87253
93510
94711
98965
12422
30479
57323
95389
10787
64247
75003
65072
67233
22860
88349
36508
2429
75788
40141
9323
89918
72087
67549
60702
38084
89584
89886
43176
47447
60880
81634
27982
19525
80303
88825
14940
83482
50750
68873
24097
40292
44884
24437
20669
1931
32552
21454
44763
4948
63197
96338
80943
46263
3897
47346
80657
951
52744
69645
66525
48108
99854
23228
2453
69011
72435
65249
93200
53985
44536
77291
59960
48338
86092
97535
84574
2494
89329
14307
40429
60216
14267
30878
97025
87301
72101
53851
17934
44335
77297
32669
38812
98270
86797
87664
65165
43205
60328
79258
56562
33319
14472
67970
24167
1477
46131
21402
75645
76433
99991
97588
45510
8130
24732
90162
62990
13559
56490
8829
72357
14273
79892
985
96337
43276
93127
68918
49707
47102
65840
4034
5981
93906
85338
20016
51169
22131
195
13938
92287
19765
39227
82535
97186
86064
95053
3835
94897
9556
57882
74455
85083
84196
89286
42617
56458
30581
14823
82900
90500
97145
72932
61212
12671
6894
57513
37201
81516
73522
90416
78464
78178
56531
60177
79683
56686
84366
38127
59546
87654
18925
99829
1638
22737
4359
24196
32437
96008
53095
17951
29689
83087
90498
71712
84974
58430
53626
65033
55811
17339
45016
50658
28584
98757
14434
57734
99115
74990
52943
8964
19668
41728
2547
72345
20540
55263
41330
80416
69104
39264
79855
49206
17203
93185
88393
46273
9595
61660
70111
65485
9853
71296
94211
86912
38047
89355
70805
87759
33093
75692
99018
6522
7086
32656
95727
34560
97383
6306
30124
18201
72903
36236
38876
43625
90770
3635
24975
67895
36914
39493
16473
66927
65130
18446
67649
59585
32793
35585
1953
22699
56715
47262
9674
69132
33963
90007
35850
56713
93648
36459
25172
58987
51942
23407
4886
89705
92320
32769
66587
12750
21188
89773
67873
31590
49937
98437
14979
34323
47387
97341
19672
44274
2058
86602
69143
1270
61250
72847
81823
75440
43100
30264
64096
35096
37419
37984
43424
51003
66131
29286
48553
17372
10083
83266
7910
50083
66016
2998
21445
89453
88631
64384
21917
98273
33964
16525
205
46244
3868
57103
64850
60148
93873
20528
90823
95835
47848
59292
23750
97757
85691
35548
27801
49384
6650
60833
80923
94782
48626
39600
51482
48602
51980
8531
12511
94097
30783
75458
47662
96890
35635
4687
88734
504
54837
62829
63624
34587
69089
7007
5693
6
34924
9265
47473
44133
87937
6129
22091
86787
33203
50335
3939
30652
52866
21053
34092
157
72368
49613
25582
21911
62138
27249
44832
31490
79316
96311
41235
96321
76369
96297
41161
5759
28147
56004
69394
27722
78323
55526
10342
40990
73645
30946
59848
59554
82141
13928
77563
10395
53942
23848
62793
36054
73638
44593
15658
49000
60850
85580
68496
46997
94114
69686
50502
75886
46526
81593
29903
84041
30634
2828
33044
96025
94470
41275
58274
75128
9695
2812
40553
77873
9219
39635
26267
83293
46819
65285
79131
44364
93722
58308
28429
95909
76309
68798
13855
40296
79914
50019
25278
88638
39300
33257
50134
21175
6893
56273
54349
67300
26192
79162
746
55247
95514
55311
19581
77228
30681
61273
38758
1981
44428
55777
18364
49557
96433
6573
87064
35361
94884
21785
27659
53221
64634
92453
3018
23341
22792
23510
29809
43326
62334
89468
55894
32085
94
32993
65332
39344
36166
57310
67481
88003
21628
70260
10926
76314
52709
75499
94508
16869
30917
10913
77961
32452
13969
50155
11701
41825
87712
588
90233
36705
84120
35326
34334
33982
18784
86236
4494
66800
86517
11045
30208
11024
59242
91807
1922
37640
83660
80913
16773
35448
8329
33018
44436
70512
41136
82355
64903
9713
89580
52597
6378
12497
45847
88327
17523
25882
33450
44232
11547
98619
18749
7156
49861
56401
99982
8586
92488
67690
24878
7482
32852
2022
19485
67683
64666
79434
61420
87864
59538
18289
14656
2700
50456
50651
71983
61433
72378
22519
60032
22587
53917
32685
4167
43601
22500
26283
16500
86199
35908
70875
9954
63790
87883
69865
93234
24476
81395
10429
99645
32374
97287
61169
65086
64322
94461
89627
12406
18996
83652
75745
63159
47283
32199
41662
19038
68015
20541
71851
30767
33761
36499
56624
43212
73875
17770
57365
29923
55163
4302
9454
98972
4786
80186
73183
34989
49335
35331
48375
87950
93797
83592
22937
38533
94953
50468
73256
18993
80130
5507
84489
89375
5659
28130
21407
32369
14965
71189
20592
41759
75623
98782
26517
29632
95230
36879
22128
35586
86029
4515
70891
36413
61837
25849
49814
93664
16850
62854
79694
10170
87456
55433
35183
19534
27073
96593
21171
91206
13504
34425
8137
3721
80361
98952
29593
16275
4370
69726
95611
59948
15989
97324
52073
50928
96387
81039
38722
20737
37181
70521
85348
14763
1168
99081
50642
99366
43872
31644
96313
52054
14686
11436
43760
44700
33755
47359
86532
5987
85767
79499
20087
18499
20100
85789
40921
41243
74931
50592
86359
67923
89068
74622
86205
71746
87906
18334
39678
13795
95776
12087
50409
24750
60404
26386
58330
4980
38954
29017
3312
19094
35587
64877
52721
22293
92830
67796
58371
13435
65381
75502
23502
79157
20623
89154
98439
38594
17375
35909
18001
6301
20508
98863
65266
33070
83609
97858
56872
18846
94162
46369
94159
77566
8910
83039
43300
94807
75978
15470
20271
51644
25634
36835
51809
17006
48864
49248
77927
94310
5329
97315
99313
26991
8139
5176
59287
89243
11641
97532
18564
73608
82753
11543
11765
55308
13823
60289
39196
8922
58479
45482
74573
45523
67424
6476
24646
49538
62740
28112
76323
13971
29494
4521
36683
97886
87129
19236
63770
47104
85841
60056
40027
70499
60752
88342
28804
21228
76555
24394
41245
18122
98943
62317
3595
34925
58525
16509
98817
20336
54129
2064
13510
85085
63552
33037
95430
63298
99387
29971
36453
78772
62018
93720
97252
85942
65138
65604
21431
13717
70015
32440
3460
48364
16632
27452
56362
24069
89962
66968
37702
57775
39926
33932
36234
15513
27471
65596
87661
61909
19028
91897
98773
46381
88064
63433
79328
83888
96524
71504
72059
81670
40969
10993
68982
42584
31025
50225
47617
67290
34901
46250
54130
77052
93300
45905
42483
23501
46993
15041
71530
74443
22907
74706
96711
66233
10196
60638
76328
87877
71165
39233
81757
57241
87162
83355
39243
79174
95566
54407
20173
44045
90447
39138
47526
24451
13839
67471
58834
80998
89181
25162
87995
69222
43431
12900
23703
23218
67742
70650
62386
98966
24208
39694
26782
92804
52944
7252
13796
74883
7154
47674
86676
44307
54858
65536
21642
73894
92837
28210
74267
2557
99843
36786
73648
89792
65554
30998
40182
65112
7320
51458
60186
22633
98777
96683
4921
75544
43327
49784
89750
4124
67305
43609
99404
40065
17058
23398
50463
15580
48620
55264
921
50188
50594
50915
19764
24281
93118
23991
80652
68812
88162
52252
25023
2567
8628
19043
5682
7742
72632
32592
41562
26740
73353
24933
64787
75249
83171
60110
45352
94111
98703
30909
93468
7757
59322
98184
6881
72347
43651
44373
16351
26666
47357
26492
23137
42911
6232
50551
87375
29698
60152
60765
26839
27828
33879
18830
12215
2616
43820
9314
16700
65019
40446
32076
47186
24879
97812
69099
98198
91148
68091
97722
10065
36246
26569
42730
91355
81788
7462
96383
84557
761
46639
29428
49770
94129
12970
74823
83964
95531
48183
91126
20917
20251
65080
46184
61047
61563
32248
5055
6770
60511
6493
60920
98791
72548
53335
11895
8323
60837
15800
50375
75377
41882
55968
32432
77684
93158
77457
84415
2646
87963
82168
94633
20275
5486
32855
95408
71333
83635
50321
35758
99059
5387
54887
84991
7531
4839
21156
5019
90788
64871
620
75069
19187
3314
66519
7273
85854
62239
33229
19401
89381
32472
95819
17474
46843
27359
55349
6684
73507
26029
16955
37558
13640
94324
58293
44734
32431
74199
75321
31449
33570
42286
13297
78231
57672
68359
44425
10824
11096
65197
60527
99023
40546
84348
61574
94352
65464
19083
41708
30095
21878
50713
35901
63634
90990
33954
82950
46321
78149
51136
94004
8996
14509
34527
96983
76262
66503
73055
26554
93656
45166
18394
38144
31816
95548
80964
9004
88235
10500
34361
76198
52
75934
11950
26831
93310
1596
9378
33149
54980
47622
2865
81735
61000
45330
89017
55895
38350
71652
25619
24852
7500
14226
67927
50350
28845
79259
29174
61334
91272
28624
26550
5355
62630
45593
3634
77843
84602
58865
66535
86931
94611
50854
8499
20840
85951
37718
44802
15667
88353
443
64545
16963
38836
69779
91910
54198
51791
13819
58475
3978
28012
98195
31049
47303
91183
46253
13681
66622
37363
22690
64688
63694
29388
96626
51860
77649
44979
63084
7512
64991
2816
10054
28397
981
23714
8858
73254
25402
79147
37991
36716
57012
43934
4842
12401
82519
7345
91333
7479
39317
5491
27574
64636
77521
62780
4756
75603
66362
94984
99454
97931
48231
28302
15555
31757
95478
83576
54365
45773
10670
40116
2690
75688
8915
8304
54634
10838
77165
52125
3395
27470
61780
37964
94440
44277
46895
26085
6443
17334
58849
20242
95574
89780
86028
72626
18729
80969
22234
79531
40630
33361
38798
63711
86353
88995
285
84038
64716
17116
25522
57643
96656
79511
8120
47694
3183
53600
90174
1980
6400
27826
27382
35734
10013
91875
48118
38574
10037
32728
57182
68538
76
99433
15953
23174
3169
30469
16989
22768
61832
60416
56302
66948
7141
32906
79780
15868
29605
4835
91025
36075
86107
91175
12930
89486
39723
18245
42866
94710
81196
41746
1582
25046
83528
90556
31337
21817
54654
5334
98658
98357
6537
88160
54723
32385
18556
43003
11268
33885
70904
81944
5995
65746
19272
20613
51599
64718
1509
97297
3503
70517
84234
6789
90464
73056
61758
79990
67716
93339
7295
41813
1219
75341
57436
69633
70595
38219
32468
70710
9712
93703
79641
10582
9058
72359
62116
18811
99297
34448
97579
46721
10396
79333
32380
41012
19002
36506
93312
26065
65272
57806
64972
59790
97611
95888
90864
45241
77734
28852
47065
6556
47333
28516
26053
1305
36242
38042
38705
958
12083
25030
23532
5540
28230
66369
65143
29676
14415
33119
96987
3047
89319
1153
40782
89841
10540
72986
83108
77183
36235
80321
68527
66619
8690
58455
8580
49902
8080
30471
9708
78377
12161
95263
29417
6137
97350
50900
94944
2841
92939
96012
13404
66302
40821
34691
9062
67488
31507
34292
89434
4373
26929
82395
4065
7508
78820
72795
84910
63326
59655
68789
68571
23823
82439
86571
521
4748
8699
22678
9335
63411
73963
13561
85196
46011
89647
38736
6511
52566
94933
89744
66177
84942
95567
17698
50119
23446
64618
43810
29378
41207
61009
95406
66505
52685
34674
13554
79137
43531
98419
87098
40302
18565
5676
72961
38390
59570
25045
32998
35002
67607
91774
78500
92873
28495
63402
4837
3620
69570
11129
88847
97903
49082
4459
73721
59674
28430
75760
77921
76847
58108
75018
52724
31268
48076
26812
35508
8700
44829
99277
70641
62989
4401
48243
65269
17154
96336
96070
91165
90906
22511
81669
1078
96561
40180
2434
6098
74453
79546
13327
75722
60508
42124
78874
20538
65211
8067
64891
1560
47061
986
88029
9794
51374
17217
31514
78973
79430
55368
28084
78339
19479
33845
41352
73092
10691
77895
88344
61499
76007
52422
59955
24592
78385
38095
84362
56260
54162
15079
14035
82520
18960
83653
10987
29841
19947
10952
27874
24353
80757
22232
21731
98161
58033
20638
45688
388
34952
20907
66677
66794
11528
63338
7260
64693
70703
6279
28626
41511
81276
23076
41125
19616
17162
73676
4850
37039
49820
96549
91301
17212
12355
29097
49382
42352
98093
72121
15804
34452
21920
95733
85748
62930
76023
53056
55724
50863
6590
99096
37670
25595
52974
50197
57401
13923
99051
6729
80905
651
5105
84705
26803
6951
99380
83834
79725
61875
65449
4493
52550
2905
55223
12170
70388
42720
26154
41003
96883
93165
5179
85261
92258
97394
3349
64955
53721
74436
97172
85538
63973
99412
77343
18498
71013
19505
52942
79416
17900
35032
94322
24546
52097
98805
47178
39292
40146
18771
74441
11211
38259
45105
51663
75535
44237
90224
3472
23518
65913
15524
49797
75484
99347
3630
98176
56306
32416
30424
48086
99243
99239
69941
21782
21236
13770
14899
69603
87344
28114
94695
64694
90205
58504
5611
89224
39986
13080
516
8231
82495
98565
21206
48846
58369
4855
17537
21787
36723
61557
74606
29955
45453
16433
59352
85475
44470
23488
5781
60434
56200
29486
24858
31755
66293
48223
7558
49510
16839
28564
20671
90130
77925
76374
3697
45567
80135
87541
15845
56208
9070
32702
4148
28583
72711
99398
96995
87225
27285
8675
39931
55866
69751
84635
57743
80314
32011
1312
55130
97368
75767
26817
19256
71922
86963
2089
42810
13420
16946
20061
43924
64234
93267
84020
44624
46968
68915
16152
5664
29712
1163
78250
95873
12108
6196
10328
32507
61220
43870
23674
10023
12471
59895
8456
11523
5826
15872
49032
84857
3235
75689
71891
25767
6730
76900
74111
88133
76370
45246
33913
91862
86179
21709
3544
59771
51657
88313
48246
60188
62943
45315
73819
79223
32964
22943
33798
71962
49500
96896
58425
70656
81568
85785
1221
267
5397
83925
7347
27969
56371
97346
64168
46874
95340
98754
25780
80734
68957
5599
67315
49210
69253
74442
55185
93218
74085
93592
84744
25316
8695
95631
89552
19465
99921
99463
46706
36286
65368
64242
56984
29302
39880
9208
99075
72257
40244
44516
39395
21026
31782
83276
33722
61520
80795
99500
64222
84601
73383
39351
53670
24431
6818
53114
42848
84394
28058
48561
99098
42419
6798
4834
88573
7875
12167
22217
52653
92528
74677
52986
23990
99108
36077
71703
3735
44371
58374
64348
57833
18783
92940
46068
50765
19818
45917
2806
69383
7293
42946
39597
3372
32111
89508
70497
57054
68497
17560
13405
36774
50907
75291
93282
78488
94083
29600
99396
98130
35145
50123
42508
55152
8698
96698
28517
85224
35403
90278
35757
99331
3026
15158
21404
97148
42142
63355
17490
59217
1617
35517
29628
47976
68062
14504
68728
78121
62026
64803
97678
14649
93482
5054
90830
12783
71091
97280
15248
34906
4705
65916
21550
4792
63994
53049
43227
63448
5780
35401
17757
23897
31652
31706
70685
69589
22999
50891
5106
92673
18346
948
86549
24066
29675
94890
62279
21692
38363
90088
52223
77085
52091
33729
26792
23596
43596
22896
32465
7624
57180
98469
16307
78792
15339
98611
11347
9414
44479
28132
11431
67333
63463
91683
45000
87366
86647
19205
82925
523
4782
99962
13438
60899
45807
83408
8604
67466
56973
45884
90509
45535
56880
67249
84916
10087
37545
18120
33493
60214
86583
76081
83711
46679
9814
19572
69369
538
53479
98949
97270
21747
64530
2200
27599
34079
38628
81322
74320
56914
48055
13852
66382
18518
16867
66130
52873
25930
24080
59416
90493
9465
67859
33003
99484
42765
40000
45563
21861
60714
99660
6626
37437
32424
61408
21503
77882
7324
80636
71788
83336
96717
44903
30003
98737
93792
18064
11399
99316
5021
32459
28047
52128
93959
67453
96738
83074
67826
84215
41973
21045
82801
21021
79866
40908
22102
98962
81617
33580
62257
80838
2861
99529
91138
92933
36728
32907
87769
35327
79760
14652
53409
3436
15254
64695
70905
16546
41549
34928
93789
63984
37796
6235
31291
31252
26095
60853
85201
8273
58238
51823
32789
24873
94256
10732
66675
51475
22101
43410
23826
67317
60282
87553
34921
28863
88341
10550
75384
26111
37672
33622
30785
11351
11171
27377
3514
37469
69848
32609
61073
12396
39685
30273
54029
76400
47641
72930
47414
53571
81098
7741
15669
50830
77348
72748
12661
68261
22257
80760
43401
22012
46598
44381
24464
50689
82597
1982
43096
2717
44978
6856
21174
56794
10021
42324
41424
51912
59350
88860
98033
86978
26392
98628
48154
6194
21105
79048
75958
99183
79089
49478
64025
77694
34535
38850
25699
32931
98098
28431
90527
92187
31371
85100
78024
79587
3006
49347
95060
47156
32484
63216
23588
33860
27391
40191
80032
76927
13977
42343
70781
23043
97365
26956
18698
75902
78823
29199
32330
30140
56285
81454
66030
14587
74834
45072
52525
7992
52164
17829
3182
79905
33168
31985
69759
9564
3145
83315
4609
5212
20067
32462
38472
8400
197
69967
51591
78879
20483
94868
5782
19322
41605
45263
87171
9277
42545
7931
34466
33823
78292
10563
77355
27230
17840
46121
74925
41478
84516
45662
22661
4283
80728
920
63502
81611
34382
12176
50674
3728
37635
63204
5244
51422
91915
1472
10922
93323
51828
94287
90696
52441
64313
43703
33419
62488
12972
85422
47044
38960
97571
44649
22378
97837
52917
45077
29294
31518
34013
97613
37220
80642
99753
74907
5182
16009
14842
53685
66275
52900
79067
237
85234
46029
27675
98139
39451
41044
8780
76608
55877
42373
32014
98637
46695
48080
89701
98789
75371
80436
58906
47110
29912
60537
28250
34256
63332
10515
29825
80426
77453
37725
97991
12521
76749
91821
17623
23420
69216
21469
89350
6022
18379
17074
63782
71731
82614
86788
53345
35173
84323
27713
56111
64567
88198
70259
92864
59310
42579
81210
29161
22739
33526
98948
87176
45102
11329
56114
43268
5930
25069
98375
5032
84016
7481
49977
79570
66418
74996
96918
9905
18534
87514
31786
63417
72689
49774
79611
87620
14583
2712
19514
45904
3147
16800
67444
32859
76869
41936
92464
49657
36151
7458
8435
33224
21574
99930
15850
62009
35826
66021
6600
13629
29785
42341
99094
55990
82663
50952
50731
29977
84704
6968
28379
99859
34417
4035
7983
12351
72794
31859
66114
52308
8321
46696
22262
42566
43231
13610
71479
97696
2628
42639
25524
10696
46144
93445
25318
39677
96852
36418
88296
5708
53002
99638
57352
263
96512
12769
75817
40390
87105
15898
22576
50742
19961
54890
9460
45923
66884
40558
79771
13358
24966
53927
61324
42522
14818
61317
42526
12964
69649
11814
37845
38884
59593
77632
50567
41516
11125
53573
97943
19397
15004
56090
38617
39411
19308
35388
7314
25217
14042
77207
1552
20615
93810
34350
65377
92085
55641
40620
9210
17070
96777
16663
2178
59558
39047
33839
7303
48632
41753
99758
78182
11476
32744
86865
84309
72215
90428
56660
90265
1446
63270
48416
20779
3148
83799
61553
83723
94344
84994
6033
94312
33728
32271
68696
20203
96501
7646
84619
72200
85930
38329
90152
89815
14486
14340
3659
91880
19281
79972
67279
47150
45421
1338
98988
96704
9345
5098
3857
46779
24404
3228
79115
31202
97863
29959
16212
46879
18791
32301
25038
83874
57998
4737
53783
52726
21739
69875
81270
43830
14173
68081
58322
89364
98803
54662
37710
75910
79079
88937
62607
32322
36111
19968
85983
60568
77057
32903
77907
42611
33523
71393
72956
43320
57742
87878
5818
99295
51157
6792
12956
26934
4634
68004
33809
10393
30969
32703
81198
29924
15754
28327
11590
90186
97966
43805
16816
98564
31654
40201
85664
22746
75602
82771
18706
8619
85462
41754
29126
50803
5438
589
82409
91569
54489
12561
15835
3815
86837
86275
11617
74110
36896
45184
51385
63456
90078
71609
87548
37669
45610
16770
77035
56171
5720
29269
91823
75566
3943
79652
824
50516
77932
93933
86782
92394
10557
96211
27738
10863
34444
29720
27405
65584
34799
64734
43291
40531
28059
66621
74718
20204
14201
45372
88058
24984
35535
65457
28383
80289
2040
61559
56946
88396
41482
1245
81213
60154
90294
86524
76164
14746
12273
87296
99054
91309
95228
10367
24727
27558
99952
17893
1438
55012
79101
17638
93343
94671
82204
72176
34607
9539
88756
87656
43403
98851
40405
29198
32055
79470
9500
77847
75210
83138
25276
28097
90496
36640
4631
48248
46748
35317
43699
6023
60606
78541
7468
33534
59534
7210
84363
23265
78256
27389
82510
37745
29603
81933
94697
77901
88735
88653
18825
39821
29531
26902
61685
91238
15190
24368
39836
31529
35141
79521
59871
58512
30726
2402
91480
10811
58195
84833
30018
44933
60202
30789
65399
54001
39934
37783
97563
84491
1892
31898
82250
30460
90941
54605
99883
37856
49310
58141
33134
62752
63394
75568
90245
61713
86306
45400
70518
24566
85563
71236
59692
32560
14351
60806
82493
63878
59154
99898
58932
17216
29752
39596
73319
51945
45530
13479
89354
44654
51512
85704
4232
26717
2354
27240
42981
85612
8225
6942
97701
61331
76779
84186
99110
78105
73599
44768
83655
83906
21329
25227
41144
92264
41133
86298
31653
51608
47474
99418
80267
7144
283
70182
68673
32494
55550
12094
56650
23567
91008
46927
94373
50580
28198
74567
87598
22846
8771
67922
90394
92460
58757
50566
45560
14920
3725
46065
83423
28134
93863
66391
30637
71177
30284
1424
26722
72043
49976
37714
91203
63730
75716
79373
7932
10720
23009
86316
70788
7477
92381
69599
61931
37674
57915
24842
9098
35522
82681
78979
41711
98132
84821
73134
31935
73695
33158
78801
95216
2415
26968
93276
2787
54903
31840
3848
98741
62115
85116
57404
46591
31866
82201
27737
93175
86114
87425
23904
19743
87554
67299
73859
49
91400
86098
45457
4549
57239
38400
91154
33492
91805
70868
34754
21992
8232
10671
22812
63341
23637
74731
54200
82978
72844
5565
55876
97185
27478
25092
99884
13988
44358
81109
59709
40543
42012
83385
55283
99894
4000
47069
99372
87897
50045
14725
33812
38791
51108
32749
60119
76350
79090
17876
80251
52836
94620
48537
52124
30591
29991
94392
66878
50023
61513
59846
90963
81941
79883
78487
98216
72174
92316
34704
37875
2442
92241
69436
67781
37771
39095
59749
22090
80825
32696
54705
91432
64720
68976
29819
50250
60625
23445
2523
3310
80324
92010
91114
81677
49185
80530
42334
7359
95105
96871
25760
40323
99650
37090
18754
63650
61539
20948
25356
43372
46191
28138
9071
48112
97564
10321
31089
98461
20728
57197
48588
38764
77273
14369
78614
99694
60146
22733
2182
1325
95296
10017
76296
52502
45828
69262
12048
55903
37947
87702
65971
55352
47725
45099
92986
74283
26415
19526
10160
37114
71124
51145
41400
59420
37433
57198
27523
3313
974
82686
8401
32473
83206
7668
2483
85812
89641
38216
47621
6549
55675
33636
99105
91799
22446
28474
44058
52263
5869
40156
82431
43196
11141
41778
24882
98244
54546
43926
1991
45959
1562
51147
96226
54191
14177
95136
20287
29881
26903
20809
85755
77887
78041
12950
13352
68339
39976
51441
74482
18740
47615
33979
94872
87373
7564
40588
63504
32303
11356
79377
98909
52680
69067
16104
27097
7075
34734
60670
65687
98406
26331
25540
38652
79119
30685
63938
70012
88303
75690
24885
91172
39359
35796
56591
39322
95418
40538
43816
4652
2000
32955
29512
84370
61588
87710
93270
64023
69453
65837
31236
72628
81137
7052
28768
24299
50814
1432
72026
12465
30049
6072
86343
49669
62121
24558
49596
15160
29532
12749
68115
20515
71988
65749
12173
77926
42612
79505
15806
50071
25871
89811
2897
63816
59337
7960
68823
25099
90472
3351
13224
42722
29700
81403
36222
46665
54402
79300
50919
13025
22480
33225
5213
84583
7330
50968
48114
87859
66659
39122
9236
64106
84210
25074
40947
80226
78799
89343
15002
28103
30868
75915
44431
14158
5787
23780
19384
92587
26704
98262
43634
15124
43382
14490
53187
97248
99434
20309
51244
83139
4297
79290
69194
81461
53162
1222
34962
32091
11360
87537
17621
39246
177
99014
40118
25828
54607
2706
7095
97651
70620
93246
42283
60332
89768
99593
88150
59357
88764
51113
5966
93777
61053
72587
95394
34170
76201
11644
56446
57098
8833
62353
62538
24049
32615
65299
21671
99033
35103
83469
55541
87786
90592
61382
43661
86073
76564
29574
67699
91848
74841
84473
85278
89189
77299
25546
54539
93618
20147
71993
70551
25593
16363
16978
10478
18649
40619
81026
78612
14294
97344
68575
89109
65371
81099
83452
76548
12880
81175
71312
53131
48733
36457
46074
90117
10186
68032
21951
4161
39251
23065
71682
93800
85251
40127
80034
4896
92793
86843
93285
82314
16821
5059
72360
442
10886
6359
1165
59941
97221
83409
93625
75627
79871
79664
6231
62821
69007
26827
51203
87816
20561
21623
85985
2162
73012
79961
67802
1770
20516
54121
99259
26231
87510
33154
17682
87688
74997
9701
76186
37066
26959
45922
31038
66461
84321
85043
3164
87509
76086
2647
26927
62362
53329
85754
86835
24944
5986
98543
39982
52174
95698
1568
80284
84290
80687
67208
37375
83002
66594
29414
8024
19164
38076
87858
78455
57298
12515
69219
13254
5640
20210
42930
65671
82853
50729
34455
6376
70996
13692
10469
75258
12327
26096
11404
15009
58900
89012
5775
78542
58836
14280
23779
87781
84399
40089
48441
64252
20827
46664
65529
40816
68192
26244
73107
11604
24821
20072
2964
83148
75873
94498
93937
38627
61104
54920
82161
43823
258
30641
68148
84747
7113
70091
10465
4637
60445
3892
64164
83729
12289
3459
55650
75355
82577
14565
62862
23277
54337
88435
6670
13296
4933
92737
22899
61578
9711
36812
32667
14939
78944
18269
42004
48110
89395
6417
15991
66754
97838
14601
26947
68314
76540
8339
90159
51420
48829
61403
91571
85470
56455
88131
48428
64987
27480
54918
3876
55498
19702
97247
25505
73809
56384
32172
2698
557
28775
55773
46037
24874
97684
75897
1331
90872
77164
10426
11182
56304
98722
64899
12462
56196
68635
58664
84872
96504
36773
45376
28460
52868
4270
98228
35098
22840
29661
94787
39861
88304
55138
13737
32169
71967
36201
47613
29985
62130
54052
50413
46830
10437
33250
19412
30459
90341
55029
8552
47213
90553
8285
24457
87524
37053
42433
85522
73617
24337
69615
83567
31453
89574
6769
34862
68056
52979
7282
72093
90317
15285
65116
64828
85495
74479
6687
8574
95535
34965
30502
75791
37028
14311
15281
92023
38584
26179
84897
59811
77831
30148
35801
81382
86136
57377
67614
65472
52020
46649
55432
81878
64543
1554
58698
7
93448
63399
42313
34337
12335
79112
39816
49101
7629
84957
67721
93290
73404
69460
96498
57421
78704
12525
40381
71760
5002
35257
3391
92176
76675
6696
33007
79182
5286
35128
5517
71919
47161
3212
19471
20703
63282
39726
71687
59207
30635
53648
484
5130
43821
82729
29663
56132
75905
82071
82564
42603
21818
82941
19859
1501
82532
13891
42698
23894
8260
94676
58419
28596
73947
30060
20802
28657
28311
73110
88445
53000
41055
35278
86887
73527
23880
94941
86790
9862
25349
62444
24741
80577
40787
9472
19985
88940
78012
80972
19371
95938
26447
78529
30136
75554
63836
57995
784
82693
1123
41277
98271
2428
43904
41471
86764
89010
29936
12914
16249
33146
95544
13163
99730
66877
45505
59932
47216
10403
19162
88510
38105
41991
83780
62570
69045
67517
63242
33382
518
18338
43600
13450
36522
92
57496
73164
70721
873
20821
18156
4358
47200
8312
50888
31381
65933
25102
50060
15882
53051
92339
15929
83891
771
80823
65074
44866
78291
87139
58039
62302
39580
6362
33800
3564
58153
46278
39990
49731
80168
64622
86266
76232
54219
82460
82252
10545
86207
74034
56891
53870
4048
28362
66979
62036
24967
60089
36325
32673
90539
97960
65864
77038
57396
23042
86868
15687
57024
97813
3343
34877
9115
83324
65762
98305
73172
15001
56212
63589
84614
29228
54042
43530
91317
57895
90878
59679
57788
91237
25340
843
51261
84794
87472
14015
85062
95561
82037
98574
65796
2696
16085
36203
84406
96277
48190
68522
63905
90042
8590
60085
913
34074
86096
50831
60189
44534
2181
96788
34461
27130
20351
37581
77675
17769
60779
28759
34940
36763
18471
57846
80228
81078
67981
18311
36433
43180
25669
29787
76573
5603
31940
19344
864
48182
74121
11648
5124
24379
97930
34503
15075
19651
80883
34950
49911
59294
55922
55694
3866
24463
76110
7329
62160
62539
25399
9762
62791
76387
15094
52204
57668
6069
72246
19327
2648
24923
93462
54408
66903
34809
8482
70142
84852
74099
87744
77188
54544
4690
26151
15720
68967
90005
78903
89629
98355
47328
25910
81022
90517
44366
59475
43318
25490
407
5972
98532
10325
10816
21286
45495
99769
60052
31973
98401
88274
84392
97349
25809
36650
74743
43590
56475
71953
90815
91195
39930
933
2028
28042
30742
73443
46773
67261
47833
91692
7404
94591
93632
10317
23758
64572
95075
92014
19211
68955
40111
30648
8398
20084
17992
51273
11905
36056
10658
34431
43238
5612
58242
83424
74424
55028
38455
96893
72289
68663
795
76688
18348
59686
99955
28929
26721
34485
91456
94273
66273
58133
68924
42073
73065
41021
72234
35474
26072
8216
54015
61691
46607
27813
79302
43164
97407
54141
21996
86955
54921
21035
63196
10128
11933
20345
54601
85
44869
32276
93707
39943
32029
351
77075
6722
28884
85741
38916
61708
83427
21880
68645
60294
13034
13489
66804
69955
56068
2885
6661
39261
86333
39231
72485
60468
87143
86826
78748
47074
89511
39824
83374
68746
21564
1844
9393
75803
22664
73044
82755
8614
25531
96476
40890
91305
42264
13390
74408
93142
20337
17806
42466
4897
640
46923
47666
65482
90400
37164
86044
13144
38779
25134
5742
65563
49244
14528
10840
46616
84063
69078
81332
98272
29760
10358
10147
69015
19259
16931
75082
77163
52271
48727
84927
35411
26366
30063
87113
35116
67739
77322
94370
42295
35176
81259
30680
10283
62273
53390
96974
91034
26080
9407
96064
74942
95741
47103
29541
40490
6402
79668
85873
87205
41637
92028
85324
73669
44057
38148
26207
21028
94646
71069
74248
76220
23180
43840
16430
18232
75937
6467
11747
65874
35079
89219
53905
68620
66219
76942
19183
63068
76435
64270
44382
23276
19231
46161
56725
12668
1285
37073
36417
32418
73718
16322
215
83931
20855
48845
4074
46549
14527
91052
42226
4210
81497
40504
55466
78929
95723
99324
36941
15940
7190
81605
2275
74555
36428
33967
31228
60683
74891
61206
88749
52700
69170
83465
33509
52322
57210
83700
87666
81936
92106
99214
47338
72881
57994
23233
41395
37738
76730
51304
34986
10951
10995
41418
54951
497
99693
34507
27420
89725
52476
93508
83143
51805
48504
91031
47894
20238
39074
42712
51579
33021
37784
38619
81632
19832
18352
76389
85322
82989
82073
55769
63799
19661
99300
67935
67388
81309
24932
60644
21377
21130
78066
47180
45245
47648
16128
49993
42370
46492
8653
73575
807
75590
10436
51819
31147
15743
77893
53104
62765
89339
49999
46297
92991
15629
90072
52646
84199
15936
64249
15220
83146
79037
33366
41635
74649
5709
85474
84774
85872
91579
38593
3732
30801
24889
66663
35889
63437
3889
51681
19877
33394
13101
46180
1478
64196
96142
5300
34109
99933
55297
21607
36826
27614
71710
72413
85146
20335
1971
31468
59378
16898
23188
12330
46166
54171
23984
54010
68954
40435
6394
34999
82922
64002
63335
98689
49041
58171
3251
46553
67878
66809
19130
94471
27840
37917
33260
92741
28504
9196
36420
79291
10401
83019
16123
4849
29672
55766
92155
95266
19643
71578
15264
16291
22935
93486
84428
35132
39530
24601
24387
44016
96051
84783
81830
86168
99507
21009
65059
55314
49665
1555
10893
15948
57460
94851
90366
5762
54950
86021
50048
62140
45364
32295
17859
95774
39670
54988
30531
27868
89380
22239
49887
43070
95590
77665
9741
88062
30223
1030
44136
21824
75906
90983
39618
52445
34312
44653
9545
59249
95189
35320
57725
83926
53499
79337
83121
53216
44605
87909
57389
75628
15921
93418
29440
40021
16023
77489
86815
67489
32131
67231
92487
48221
72361
49582
95596
16996
76965
21200
39847
82268
64948
2913
30480
31996
6494
14744
40647
79396
55844
29701
41150
1281
24169
76769
15240
16040
50930
66139
81059
65990
27756
93168
86078
8143
62161
76000
93838
20281
72269
56417
16398
95739
83526
38417
22213
60409
51016
91652
90945
16635
74235
37793
19243
9687
94272
16837
70033
80780
4938
12563
38605
85583
63400
50217
23434
12214
73625
15085
39375
97528
3898
94356
32208
89273
77821
15833
21557
63614
55517
16188
35130
71486
44163
32464
44239
86378
31081
99488
25883
95079
83797
63441
2008
24448
84996
82221
63937
14915
77773
50395
54389
4567
14174
64922
86930
41745
82210
4571
77558
7919
51570
29231
37032
99687
64450
99335
45854
57476
26093
86227
75606
9240
66229
30509
29618
47123
36971
15733
42961
79706
56098
92362
86625
80310
35775
7140
34988
93966
50132
11474
41040
99373
91117
97274
31433
8402
7850
85710
83163
74831
91751
83658
75671
7348
61785
34135
5122
61552
27934
74575
90822
99963
9600
11665
63327
52624
19580
82213
7698
48135
32579
94715
50867
4865
97416
93361
50560
91820
47697
32015
27044
90189
23893
50341
30860
68525
45306
84749
89346
19381
32075
72690
39462
36326
26401
80383
40265
29576
33026
94296
10253
20436
82586
836
79862
37223
46982
64399
16774
74018
71187
91901
