88940
78012
80972
19371
95938
26447
78529
30136
75554
63836
57995
784
82693
1123
41277
98271
2428
43904
41471
86764
89010
29936
12914
16249
33146
95544
13163
99730
66877
45505
59932
47216
10403
19162
88510
38105
41991
83780
62570
69045
67517
63242
33382
518
18338
43600
13450
36522
92
57496
73164
70721
873
20821
18156
4358
47200
8312
50888
31381
65933
25102
50060
15882
53051
92339
15929
83891
771
80823
65074
44866
78291
87139
58039
62302
39580
6362
33800
3564
58153
46278
39990
49731
80168
64622
86266
76232
54219
82460
82252
10545
86207
74034
56891
53870
4048
28362
66979
62036
24967
60089
36325
32673
90539
97960
65864
77038
57396
23042
86868
15687
57024
97813
3343
34877
9115
83324
65762
98305
73172
15001
56212
63589
84614
29228
54042
43530
91317
57895
90878
59679
57788
91237
25340
843
51261
84794
87472
14015
85062
95561
82037
98574
65796
2696
16085
36203
84406
96277
48190
68522
63905
90042
8590
60085
913
34074
86096
50831
60189
44534
2181
96788
34461
27130
20351
37581
77675
17769
60779
28759
34940
36763
18471
57846
80228
81078
67981
18311
36433
43180
25669
29787
76573
5603
31940
19344
864
48182
74121
11648
5124
24379
97930
34503
15075
19651
80883
34950
49911
59294
55922
55694
3866
24463
76110
7329
62160
62539
25399
9762
62791
76387
15094
52204
57668
6069
72246
19327
2648
24923
93462
54408
66903
34809
8482
70142
84852
74099
87744
77188
54544
4690
26151
15720
68967
90005
78903
89629
98355
47328
25910
81022
90517
44366
59475
43318
25490
407
5972
98532
10325
10816
21286
45495
99769
60052
31973
98401
88274
84392
97349
25809
36650
74743
43590
56475
71953
90815
91195
39930
933
2028
28042
30742
73443
46773
67261
47833
91692
7404
94591
93632
10317
23758
64572
95075
92014
19211
68955
40111
30648
8398
20084
17992
51273
11905
36056
10658
34431
43238
5612
58242
83424
74424
55028
38455
96893
72289
68663
795
76688
18348
59686
99955
28929
26721
34485
91456
94273
66273
58133
68924
42073
73065
41021
72234
35474
26072
8216
54015
61691
46607
27813
79302
43164
97407
54141
21996
86955
54921
21035
63196
10128
11933
20345
54601
85
44869
32276
93707
39943
32029
351
77075
6722
28884
85741
38916
61708
83427
21880
68645
60294
13034
13489
66804
69955
56068
2885
6661
39261
86333
39231
72485
60468
87143
86826
78748
47074
89511
39824
83374
68746
21564
1844
9393
75803
22664
73044
82755
8614
25531
96476
40890
91305
42264
13390
74408
93142
20337
17806
42466
4897
640
46923
47666
65482
90400
37164
86044
13144
38779
25134
5742
65563
49244
14528
10840
46616
84063
69078
81332
98272
29760
10358
10147
69015
19259
16931
75082
77163
52271
48727
84927
35411
26366
30063
87113
35116
67739
77322
94370
42295
35176
81259
30680
10283
62273
53390
96974
91034
26080
9407
96064
74942
95741
47103
29541
40490
6402
79668
85873
87205
41637
92028
85324
73669
44057
38148
26207
21028
94646
71069
74248
76220
23180
43840
16430
18232
75937
6467
11747
65874
35079
89219
53905
68620
66219
76942
19183
63068
76435
64270
44382
23276
19231
46161
56725
12668
1285
37073
36417
32418
73718
16322
215
83931
20855
48845
4074
46549
14527
91052
42226
4210
81497
40504
55466
78929
95723
99324
36941
15940
7190
81605
2275
74555
36428
33967
31228
60683
74891
61206
88749
52700
69170
83465
33509
52322
57210
83700
87666
81936
92106
99214
47338
72881
57994
23233
41395
37738
76730
51304
34986
10951
10995
41418
54951
497
99693
34507
27420
89725
52476
93508
83143
51805
48504
91031
47894
20238
39074
42712
51579
33021
37784
38619
81632
19832
18352
76389
85322
82989
82073
55769
63799
19661
99300
67935
67388
81309
24932
60644
21377
21130
78066
47180
45245
47648
16128
49993
42370
46492
8653
73575
807
75590
10436
51819
31147
15743
77893
53104
62765
89339
49999
46297
92991
15629
90072
52646
84199
15936
64249
15220
83146
79037
33366
41635
74649
5709
85474
84774
85872
91579
38593
3732
30801
24889
66663
35889
63437
3889
51681
19877
33394
13101
46180
1478
64196
96142
5300
34109
99933
55297
21607
36826
27614
71710
72413
85146
20335
1971
31468
59378
16898
23188
12330
46166
54171
23984
54010
68954
40435
6394
34999
82922
64002
63335
98689
49041
58171
3251
46553
67878
66809
19130
94471
27840
37917
33260
92741
28504
9196
36420
79291
10401
83019
16123
4849
29672
55766
92155
95266
19643
71578
15264
16291
22935
93486
84428
35132
39530
24601
24387
44016
96051
84783
81830
86168
99507
21009
65059
55314
49665
1555
10893
15948
57460
94851
90366
5762
54950
86021
50048
62140
45364
32295
17859
95774
39670
54988
30531
27868
89380
22239
49887
43070
95590
77665
9741
88062
30223
1030
44136
21824
75906
90983
39618
52445
34312
44653
9545
59249
95189
35320
57725
83926
53499
79337
83121
53216
44605
87909
57389
75628
15921
93418
29440
40021
16023
77489
86815
67489
32131
67231
92487
48221
72361
49582
95596
16996
76965
21200
39847
82268
64948
2913
30480
31996
6494
14744
40647
79396
55844
29701
41150
1281
24169
76769
15240
16040
50930
66139
81059
65990
27756
93168
86078
8143
62161
76000
93838
20281
72269
56417
16398
95739
83526
38417
22213
60409
51016
91652
90945
16635
74235
37793
19243
9687
94272
16837
70033
80780
4938
12563
38605
85583
63400
50217
23434
12214
73625
15085
39375
97528
3898
94356
32208
89273
77821
15833
21557
63614
55517
16188
35130
71486
44163
32464
44239
86378
31081
99488
25883
95079
83797
63441
2008
24448
84996
82221
63937
14915
77773
50395
54389
4567
14174
64922
86930
41745
82210
4571
77558
7919
51570
29231
37032
99687
64450
99335
45854
57476
26093
86227
75606
9240
66229
30509
29618
47123
36971
15733
42961
79706
56098
92362
86625
80310
35775
7140
34988
93966
50132
11474
41040
99373
91117
97274
31433
8402
7850
85710
83163
74831
91751
83658
75671
7348
61785
34135
5122
61552
27934
74575
90822
99963
9600
11665
63327
52624
19580
82213
7698
48135
32579
94715
50867
4865
97416
93361
50560
91820
47697
32015
27044
90189
23893
50341
30860
68525
45306
84749
89346
19381
32075
72690
39462
36326
26401
80383
40265
29576
33026
94296
10253
20436
82586
836
79862
37223
46982
64399
16774
74018
71187
91901
