63394
75568
90245
61713
86306
45400
70518
24566
85563
71236
59692
32560
14351
60806
82493
63878
59154
99898
58932
17216
29752
39596
73319
51945
45530
13479
89354
44654
51512
85704
4232
26717
2354
27240
42981
85612
8225
6942
97701
61331
76779
84186
99110
78105
73599
44768
83655
83906
21329
25227
41144
92264
41133
86298
31653
51608
47474
99418
80267
7144
283
70182
68673
32494
55550
12094
56650
23567
91008
46927
94373
50580
28198
74567
87598
22846
8771
67922
90394
92460
58757
50566
45560
14920
3725
46065
83423
28134
93863
66391
30637
71177
30284
1424
26722
72043
49976
37714
91203
63730
75716
79373
7932
10720
23009
86316
70788
7477
92381
69599
61931
37674
57915
24842
9098
35522
82681
78979
41711
98132
84821
73134
31935
73695
33158
78801
95216
2415
26968
93276
2787
54903
31840
3848
98741
62115
85116
57404
46591
31866
82201
27737
93175
86114
87425
23904
19743
87554
67299
73859
49
91400
86098
45457
4549
57239
38400
91154
33492
91805
70868
34754
21992
8232
10671
22812
63341
23637
74731
54200
82978
72844
5565
55876
97185
27478
25092
99884
13988
44358
81109
59709
40543
42012
83385
55283
99894
4000
47069
99372
87897
50045
14725
33812
38791
51108
32749
60119
76350
79090
17876
80251
52836
94620
48537
52124
30591
29991
94392
66878
50023
61513
59846
90963
81941
79883
78487
98216
72174
92316
34704
37875
2442
92241
69436
67781
37771
39095
59749
22090
80825
32696
54705
91432
64720
68976
29819
50250
60625
23445
2523
3310
80324
92010
91114
81677
49185
80530
42334
7359
95105
96871
25760
40323
99650
37090
18754
63650
61539
20948
25356
43372
46191
28138
9071
48112
97564
10321
31089
98461
20728
57197
48588
38764
77273
14369
78614
99694
60146
22733
2182
1325
95296
10017
76296
52502
45828
69262
12048
55903
37947
87702
65971
55352
47725
45099
92986
74283
26415
19526
10160
37114
71124
51145
41400
59420
37433
57198
27523
3313
974
82686
8401
32473
83206
7668
2483
85812
89641
38216
47621
6549
55675
33636
99105
91799
22446
28474
44058
52263
5869
40156
82431
43196
11141
41778
24882
98244
54546
43926
1991
45959
1562
51147
96226
54191
14177
95136
20287
29881
26903
20809
85755
77887
78041
12950
13352
68339
39976
51441
74482
18740
47615
33979
94872
87373
7564
40588
63504
32303
11356
79377
98909
52680
69067
16104
27097
7075
34734
60670
65687
98406
26331
25540
38652
79119
30685
63938
70012
88303
75690
24885
91172
39359
35796
56591
39322
95418
40538
43816
4652
2000
32955
29512
84370
61588
87710
93270
64023
69453
65837
31236
72628
81137
7052
28768
24299
50814
1432
72026
12465
30049
6072
86343
49669
62121
24558
49596
15160
29532
12749
68115
20515
71988
65749
12173
77926
42612
79505
15806
50071
25871
89811
2897
63816
59337
7960
68823
25099
90472
3351
13224
42722
29700
81403
36222
46665
54402
79300
50919
13025
22480
33225
5213
84583
7330
50968
48114
87859
66659
39122
9236
64106
84210
25074
40947
80226
78799
89343
15002
28103
30868
75915
44431
14158
5787
23780
19384
92587
26704
98262
43634
15124
43382
14490
53187
97248
99434
20309
51244
83139
4297
79290
69194
81461
53162
1222
34962
32091
11360
87537
17621
39246
177
99014
40118
25828
54607
2706
7095
97651
70620
93246
42283
60332
89768
99593
88150
59357
88764
51113
5966
93777
61053
72587
95394
34170
76201
11644
56446
57098
8833
62353
62538
24049
32615
65299
21671
99033
35103
83469
55541
87786
90592
61382
43661
86073
76564
29574
67699
91848
74841
84473
85278
89189
77299
25546
54539
93618
20147
71993
70551
25593
16363
16978
10478
18649
40619
81026
78612
14294
97344
68575
89109
65371
81099
83452
76548
12880
81175
71312
53131
48733
36457
46074
90117
10186
68032
21951
4161
39251
23065
71682
93800
85251
40127
80034
4896
92793
86843
93285
82314
16821
5059
72360
442
10886
6359
1165
59941
97221
83409
93625
75627
79871
79664
6231
62821
69007
26827
51203
87816
20561
21623
85985
2162
73012
79961
67802
1770
20516
54121
99259
26231
87510
33154
17682
87688
74997
9701
76186
37066
26959
45922
31038
66461
84321
85043
3164
87509
76086
2647
26927
62362
53329
85754
86835
24944
5986
98543
39982
52174
95698
1568
80284
84290
80687
67208
37375
83002
66594
29414
8024
19164
38076
87858
78455
57298
12515
69219
13254
5640
20210
42930
65671
82853
50729
34455
6376
70996
13692
10469
75258
12327
26096
11404
15009
58900
89012
5775
78542
58836
14280
23779
87781
84399
40089
48441
64252
20827
46664
65529
40816
68192
26244
73107
11604
24821
20072
2964
83148
75873
94498
93937
38627
61104
54920
82161
43823
258
30641
68148
84747
7113
70091
10465
4637
60445
3892
64164
83729
12289
3459
55650
75355
82577
14565
62862
23277
54337
88435
6670
13296
4933
92737
22899
61578
9711
36812
32667
14939
78944
18269
42004
48110
89395
6417
15991
66754
97838
14601
26947
68314
76540
8339
90159
51420
48829
61403
91571
85470
56455
88131
48428
64987
27480
54918
3876
55498
19702
97247
25505
73809
56384
32172
2698
557
28775
55773
46037
24874
97684
75897
1331
90872
77164
10426
11182
56304
98722
64899
12462
56196
68635
58664
84872
96504
36773
45376
28460
52868
4270
98228
35098
22840
29661
94787
39861
88304
55138
13737
32169
71967
36201
47613
29985
62130
54052
50413
46830
10437
33250
19412
30459
90341
55029
8552
47213
90553
8285
24457
87524
37053
42433
85522
73617
24337
69615
83567
31453
89574
6769
34862
68056
52979
7282
72093
90317
15285
65116
64828
85495
74479
6687
8574
95535
34965
30502
75791
37028
14311
15281
92023
38584
26179
84897
59811
77831
30148
35801
81382
86136
57377
67614
65472
52020
46649
55432
81878
64543
1554
58698
7
93448
63399
42313
34337
12335
79112
39816
49101
7629
84957
67721
93290
73404
69460
96498
57421
78704
12525
40381
71760
5002
35257
3391
92176
76675
6696
33007
79182
5286
35128
5517
71919
47161
3212
19471
20703
63282
39726
71687
59207
30635
53648
484
5130
43821
82729
29663
56132
75905
82071
82564
42603
21818
82941
19859
1501
82532
13891
42698
23894
8260
94676
58419
28596
73947
30060
20802
28657
28311
73110
88445
53000
41055
35278
86887
73527
23880
94941
86790
9862
25349
62444
24741
80577
40787
9472
19985
88940
78012
80972
19371
95938
26447
78529
30136
75554
63836
57995
784
82693
1123
41277
98271
2428
43904
41471
86764
89010
29936
12914
16249
33146
95544
13163
99730
66877
45505
59932
47216
10403
19162
88510
38105
41991
83780
62570
69045
67517
63242
33382
518
18338
43600
13450
36522
92
57496
73164
70721
873
20821
18156
4358
47200
8312
50888
31381
65933
25102
50060
15882
53051
92339
15929
83891
771
80823
65074
44866
78291
87139
58039
62302
39580
6362
33800
3564
58153
46278
39990
49731
80168
64622
86266
76232
54219
82460
82252
10545
86207
74034
56891
53870
4048
28362
66979
62036
24967
60089
36325
32673
90539
97960
65864
77038
57396
23042
86868
15687
57024
97813
3343
34877
9115
83324
65762
98305
73172
15001
56212
63589
84614
29228
54042
43530
91317
57895
90878
59679
57788
91237
25340
843
51261
84794
87472
14015
85062
95561
82037
98574
65796
2696
16085
36203
84406
96277
48190
68522
63905
90042
8590
60085
913
34074
86096
50831
60189
44534
2181
96788
34461
27130
20351
37581
77675
17769
60779
28759
34940
36763
18471
57846
80228
81078
67981
18311
36433
43180
25669
29787
76573
5603
31940
19344
864
48182
74121
11648
5124
24379
97930
34503
15075
19651
80883
34950
49911
59294
55922
55694
3866
24463
76110
7329
62160
62539
25399
9762
62791
76387
15094
52204
57668
6069
72246
19327
2648
24923
93462
54408
66903
34809
8482
70142
84852
74099
87744
77188
54544
4690
26151
15720
68967
90005
78903
89629
98355
47328
25910
81022
90517
44366
59475
43318
25490
407
5972
98532
10325
10816
21286
45495
99769
60052
31973
98401
88274
84392
97349
25809
36650
74743
43590
56475
71953
90815
91195
39930
933
2028
28042
30742
73443
46773
67261
47833
91692
7404
94591
93632
10317
23758
64572
95075
92014
19211
68955
40111
30648
8398
20084
17992
51273
11905
36056
10658
34431
43238
5612
58242
83424
74424
55028
38455
96893
72289
68663
795
76688
18348
59686
99955
28929
26721
34485
91456
94273
66273
58133
68924
42073
73065
41021
72234
35474
26072
8216
54015
61691
46607
27813
79302
43164
97407
54141
21996
86955
54921
21035
63196
10128
11933
20345
54601
85
44869
32276
93707
39943
32029
351
77075
6722
28884
85741
38916
61708
83427
21880
68645
60294
13034
13489
66804
69955
56068
2885
6661
39261
86333
39231
72485
60468
87143
86826
78748
47074
89511
39824
83374
68746
21564
1844
9393
75803
22664
73044
82755
8614
25531
96476
40890
91305
42264
13390
74408
93142
20337
17806
42466
4897
640
46923
47666
65482
90400
37164
86044
13144
38779
25134
5742
65563
49244
14528
10840
46616
84063
69078
81332
98272
29760
10358
10147
69015
19259
16931
75082
77163
52271
48727
84927
35411
26366
30063
87113
35116
67739
77322
94370
42295
35176
81259
30680
10283
62273
53390
96974
91034
26080
9407
96064
74942
95741
47103
29541
40490
6402
79668
85873
87205
41637
92028
85324
73669
44057
38148
26207
21028
94646
71069
74248
76220
23180
43840
16430
18232
75937
6467
11747
65874
35079
89219
53905
68620
66219
76942
19183
63068
76435
64270
44382
23276
19231
46161
56725
12668
1285
37073
36417
32418
73718
16322
215
83931
20855
48845
4074
46549
14527
91052
42226
4210
81497
40504
55466
78929
95723
99324
36941
15940
7190
81605
2275
74555
36428
33967
31228
60683
74891
61206
88749
52700
69170
83465
33509
52322
57210
83700
87666
81936
92106
99214
47338
72881
57994
23233
41395
37738
76730
51304
34986
10951
10995
41418
54951
497
99693
34507
27420
89725
52476
93508
83143
51805
48504
91031
47894
20238
39074
42712
51579
33021
37784
38619
81632
19832
18352
76389
85322
82989
82073
55769
63799
19661
99300
67935
67388
81309
24932
60644
21377
21130
78066
47180
45245
47648
16128
49993
42370
46492
8653
73575
807
75590
10436
51819
31147
15743
77893
53104
62765
89339
49999
46297
92991
15629
90072
52646
84199
15936
64249
15220
83146
79037
33366
41635
74649
5709
85474
84774
85872
91579
38593
3732
30801
24889
66663
35889
63437
3889
51681
19877
33394
13101
46180
1478
64196
96142
5300
34109
99933
55297
21607
36826
27614
71710
72413
85146
20335
1971
31468
59378
16898
23188
12330
46166
54171
23984
54010
68954
40435
6394
34999
82922
64002
63335
98689
49041
58171
3251
46553
67878
66809
19130
94471
27840
37917
33260
92741
28504
9196
36420
79291
10401
83019
16123
4849
29672
55766
92155
95266
19643
71578
15264
16291
22935
93486
84428
35132
39530
24601
24387
44016
96051
84783
81830
86168
99507
21009
65059
55314
49665
1555
10893
15948
57460
94851
90366
5762
54950
86021
50048
62140
45364
32295
17859
95774
39670
54988
30531
27868
89380
22239
49887
43070
95590
77665
9741
88062
30223
1030
44136
21824
75906
90983
39618
52445
34312
44653
9545
59249
95189
35320
57725
83926
53499
79337
83121
53216
44605
87909
57389
75628
15921
93418
29440
40021
16023
77489
86815
67489
32131
67231
92487
48221
72361
49582
95596
16996
76965
21200
39847
82268
64948
2913
30480
31996
6494
14744
40647
79396
55844
29701
41150
1281
24169
76769
15240
16040
50930
66139
81059
65990
27756
93168
86078
8143
62161
76000
93838
20281
72269
56417
16398
95739
83526
38417
22213
60409
51016
91652
90945
16635
74235
37793
19243
9687
94272
16837
70033
80780
4938
12563
38605
85583
63400
50217
23434
12214
73625
15085
39375
97528
3898
94356
32208
89273
77821
15833
21557
63614
55517
16188
35130
71486
44163
32464
44239
86378
31081
99488
25883
95079
83797
63441
2008
24448
84996
82221
63937
14915
77773
50395
54389
4567
14174
64922
86930
41745
82210
4571
77558
7919
51570
29231
37032
99687
64450
99335
45854
57476
26093
86227
75606
9240
66229
30509
29618
47123
36971
15733
42961
79706
56098
92362
86625
80310
35775
7140
34988
93966
50132
11474
41040
99373
91117
97274
31433
8402
7850
85710
83163
74831
91751
83658
75671
7348
61785
34135
5122
61552
27934
74575
90822
99963
9600
11665
63327
52624
19580
82213
7698
48135
32579
94715
50867
4865
97416
93361
50560
91820
47697
32015
27044
90189
23893
50341
30860
68525
45306
84749
89346
19381
32075
72690
39462
36326
26401
80383
40265
29576
33026
94296
10253
20436
82586
836
79862
37223
46982
64399
16774
74018
71187
91901
