12668
1285
37073
36417
32418
73718
16322
215
83931
20855
48845
4074
46549
14527
91052
42226
4210
81497
40504
55466
78929
95723
99324
36941
15940
7190
81605
2275
74555
36428
33967
31228
60683
74891
61206
88749
52700
69170
83465
33509
52322
57210
83700
87666
81936
92106
99214
47338
72881
57994
23233
41395
37738
76730
51304
34986
10951
10995
41418
54951
497
99693
34507
27420
89725
52476
93508
83143
51805
48504
91031
47894
20238
39074
42712
51579
33021
37784
38619
81632
19832
18352
76389
85322
82989
82073
55769
63799
19661
99300
67935
67388
81309
24932
60644
21377
21130
78066
47180
45245
47648
16128
49993
42370
46492
8653
73575
807
75590
10436
51819
31147
15743
77893
53104
62765
89339
49999
46297
92991
15629
90072
52646
84199
15936
64249
15220
83146
79037
33366
41635
74649
5709
85474
84774
85872
91579
38593
3732
30801
24889
66663
35889
63437
3889
51681
19877
33394
13101
46180
1478
64196
96142
5300
34109
99933
55297
21607
36826
27614
71710
72413
85146
20335
1971
31468
59378
16898
23188
12330
46166
54171
23984
54010
68954
40435
6394
34999
82922
64002
63335
98689
49041
58171
3251
46553
67878
66809
19130
94471
27840
37917
33260
92741
28504
9196
36420
79291
10401
83019
16123
4849
29672
55766
92155
95266
19643
71578
15264
16291
22935
93486
84428
35132
39530
24601
24387
44016
96051
84783
81830
86168
99507
21009
65059
55314
49665
1555
10893
15948
57460
94851
90366
5762
54950
86021
50048
62140
45364
32295
17859
95774
39670
54988
30531
27868
89380
22239
49887
43070
95590
77665
9741
88062
30223
1030
44136
21824
75906
90983
39618
52445
34312
44653
9545
59249
95189
35320
57725
83926
53499
79337
83121
53216
44605
87909
57389
75628
15921
93418
29440
40021
16023
77489
86815
67489
32131
67231
92487
48221
72361
49582
95596
16996
76965
21200
39847
82268
64948
2913
30480
31996
6494
14744
40647
79396
55844
29701
41150
1281
24169
76769
15240
16040
50930
66139
81059
65990
27756
93168
86078
8143
62161
76000
93838
20281
72269
56417
16398
95739
83526
38417
22213
60409
51016
91652
90945
16635
74235
37793
19243
9687
94272
16837
70033
80780
4938
12563
38605
85583
63400
50217
23434
12214
73625
15085
39375
97528
3898
94356
32208
89273
77821
15833
21557
63614
55517
16188
35130
71486
44163
32464
44239
86378
31081
99488
25883
95079
83797
63441
2008
24448
84996
82221
63937
14915
77773
50395
54389
4567
14174
64922
86930
41745
82210
4571
77558
7919
51570
29231
37032
99687
64450
99335
45854
57476
26093
86227
75606
9240
66229
30509
29618
47123
36971
15733
42961
79706
56098
92362
86625
80310
35775
7140
34988
93966
50132
11474
41040
99373
91117
97274
31433
8402
7850
85710
83163
74831
91751
83658
75671
7348
61785
34135
5122
61552
27934
74575
90822
99963
9600
11665
63327
52624
19580
82213
7698
48135
32579
94715
50867
4865
97416
93361
50560
91820
47697
32015
27044
90189
23893
50341
30860
68525
45306
84749
89346
19381
32075
72690
39462
36326
26401
80383
40265
29576
33026
94296
10253
20436
82586
836
79862
37223
46982
64399
16774
74018
71187
91901
