99488
25883
95079
83797
63441
2008
24448
84996
82221
63937
14915
77773
50395
54389
4567
14174
64922
86930
41745
82210
4571
77558
7919
51570
29231
37032
99687
64450
99335
45854
57476
26093
86227
75606
9240
66229
30509
29618
47123
36971
15733
42961
79706
56098
92362
86625
80310
35775
7140
34988
93966
50132
11474
41040
99373
91117
97274
31433
8402
7850
85710
83163
74831
91751
83658
75671
7348
61785
34135
5122
61552
27934
74575
90822
99963
9600
11665
63327
52624
19580
82213
7698
48135
32579
94715
50867
4865
97416
93361
50560
91820
47697
32015
27044
90189
23893
50341
30860
68525
45306
84749
89346
19381
32075
72690
39462
36326
26401
80383
40265
29576
33026
94296
10253
20436
82586
836
79862
37223
46982
64399
16774
74018
71187
91901
