100
997;13.9995241165
992;17.2184100151
1465;11.6303679943
2034;14.4846608639
2213;12.7861220837
3011;13.9654238224
3491;14.4805810452
4122;13.6180520058
3897;11.0864450932
5341;14.0487020016
5368;13.2883961201
6244;14.7413160801
6679;11.7911269665
7368;11.5986330509
8398;17.2104811668
7853;13.3263208866
8223;13.2032539845
8933;11.3659520149
9238;12.5675280094
10672;14.6555550098
11130;20.4894888401
10540;19.287127018
11724;19.5466609001
12157;20.7675490379
12092;20.9122719765
11976;16.255491972
14794;17.0749189854
12398;17.3182821274
14086;20.6406488419
15856;21.1769919395
15783;12.6928229332
15444;11.1674818993
16442;20.0897359848
17722;25.862662077
16544;13.1469838619
15686;9.84060001373
18939;11.7045881748
18889;12.4886739254
21240;11.4725658894
19140;9.95739507675
22981;11.6391298771
22451;11.1949329376
21804;10.3693978786
22323;10.5703248978
20885;9.74835205078
23613;10.476899147
22232;9.84661388397
24116;10.2880289555
21899;9.99049401283
23670;9.60961914062
24314;9.78064918518
26559;10.6978399754
26449;10.4815170765
27655;10.4190440178
28765;10.8765618801
26858;9.88254213333
28427;10.29591012
27995;9.82985305786
29703;10.7693479061
30892;10.7334890366
29050;10.0203871727
30303;10.0858159065
29686;9.90074396133
33975;10.9244580269
30826;9.90556311607
31548;9.84392094612
31586;9.65641212463
32275;10.2182109356
33385;10.1282680035
34092;9.96978998184
32707;9.52152490616
36791;10.7129371166
36528;10.4829549789
36274;22.2556750774
36754;23.5105249882
37221;23.2193210125
35499;22.239071846
34034;18.3615629673
40022;19.0304479599
37615;14.4160227776
41565;15.6659610271
41527;15.2956709862
43574;20.460641861
43042;23.8298130035
41065;19.381346941
42926;20.4695339203
40223;17.7637319565
46758;12.4933958054
49039;14.0100400448
48409;15.4241449833
44162;13.0502791405
47083;12.8158180714
44820;11.2529511452
48342;13.0624687672
46405;12.5795230865
43344;11.6771759987
47001;10.655714035
49110;12.3244469166
48907;12.2481129169
52049;21.4765439034
100
997;14.4134190083
992;14.2797381878
1465;14.0889000893
2034;14.4565439224
2213;13.5685470104
3011;14.6676540375
3491;14.5344491005
4122;14.7340500355
3897;13.3499810696
5341;15.006193161
5368;14.2249190807
6244;14.6537790298
6679;14.5521988869
7368;14.7021729946
8398;15.4380679131
7853;14.0435869694
8223;13.8677299023
8933;14.5308589935
9238;14.2292060852
10672;14.984028101
11130;14.6527569294
10540;13.9145958424
11724;14.3659179211
12157;14.2414209843
12092;14.1199090481
11976;13.7283790112
14794;15.1302900314
12398;13.6422321796
14086;14.1413860321
15856;14.8123679161
15783;14.5889890194
15444;14.1102519035
16442;14.190253973
17722;15.1815569401
16544;13.7568211555
15686;13.5829429626
18939;14.4989111423
18889;14.3776750565
21240;15.0136320591
19140;14.0082919598
22981;15.1189830303
22451;15.1032440662
21804;14.5544788837
22323;14.302738905
20885;13.7663779259
23613;14.4295470715
22232;13.8668351173
24116;14.1995739937
21899;13.6315920353
23670;13.7926399708
24314;14.0056941509
26559;14.3546380997
26449;14.5132081509
27655;14.3321940899
28765;14.8692240715
26858;14.0197050571
28427;14.2324769497
27995;13.8962090015
29703;14.7548480034
30892;14.7459959984
29050;13.8928070068
30303;14.1202480793
29686;13.9524040222
33975;14.6380999088
30826;13.939150095
31548;13.7139499187
31586;13.5925970078
32275;14.1377289295
33385;14.2790119648
34092;13.9693388939
32707;13.6488730907
36791;14.496999979
36528;14.3925001621
36274;14.2732989788
36754;13.9297430515
37221;14.1132850647
35499;13.6875038147
34034;13.5338630676
40022;14.466550827
37615;13.7499170303
41565;14.2185459137
41527;14.1255152225
43574;14.8243288994
43042;14.3931398392
41065;13.8709421158
42926;14.2563788891
40223;13.640362978
46758;15.0452661514
49039;14.8794958591
48409;15.0763950348
44162;14.1229400635
47083;14.4922668934
44820;13.8832890987
48342;14.5534119606
46405;14.3179299831
43344;13.6830489635
47001;13.8395898342
49110;14.1739640236
48907;14.1394169331
52049;14.4938480854
