50
970;12.0103049278
900;15.768969059
1150;16.3412041664
1390;12.9064328671
1303;15.1162829399
1768;17.1526038647
2111;12.9755141735
2991;10.8867490292
3194;13.4406380653
3188;18.3259871006
3856;11.2767939568
4247;17.1788430214
4866;10.2695348263
5981;17.4895169735
7278;16.9541130066
6833;15.5347619057
7010;18.0076298714
8150;16.6979768276
4525;13.135076046
10056;12.4692509174
3964;12.2699520588
6056;16.2977759838
8328;8.3645401001
614;10.8353049755
5565;9.05640888214
7337;8.10912585258
10531;12.6294629574
9976;12.6522798538
3051;9.5668759346
4219;8.85298800468
2909;11.6142261028
5041;13.7182760239
10761;10.7596700191
6773;10.0231389999
3692;13.52344203
7129;11.525249958
8463;14.6274530888
11167;10.7095890045
9715;19.101006031
12229;12.9341049194
10811;11.0739369392
13835;9.66492986679
9994;13.4048728943
14463;12.5948190689
16232;10.6096348763
20508;16.7266428471
15242;12.0435290337
15229;10.2690029144
19665;13.2967209816
8484;17.0292470455
18958;13.7580118179
21829;10.8725440502
10843;16.1525788307
24661;15.7876911163
15897;13.7127270699
9243;18.2577250004
12106;13.0250370502
9954;24.0084061623
15115;12.0685651302
17628;14.4953289032
21911;9.52543711662
19794;15.072067976
4973;9.35946798325
20478;10.8660728931
25530;7.64770698547
19583;10.447314024
24179;10.6226840019
10214;11.3083200455
17683;10.6125388145
11990;11.0679838657
25514;13.1883490086
37686;19.1741409302
23665;14.4079649448
14690;11.2189362049
16941;19.631152153
22924;19.0751900673
22322;13.7334260941
26251;11.0158009529
16013;12.5520350933
23668;12.9797971249
22719;11.4303359985
33253;9.74068903923
28790;14.6231210232
13595;7.16504502296
31849;10.0036861897
35516;15.6215178967
11689;18.6575651169
15960;12.4975609779
9936;12.7501699924
17779;20.3416190147
25565;16.7407979965
25450;9.37700414658
17651;9.26251912117
28354;16.1242258549
20195;14.2991960049
24373;11.4729509354
21587;10.4698951244
31144;16.8441748619
40983;12.7933731079
34347;12.8871519566
50
970;13.5684490204
900;12.3899610043
1150;13.3385870457
1390;14.5906381607
1303;18.0464379787
1768;14.2411980629
2111;13.5491769314
2991;15.1528949738
3194;17.4434638023
3188;14.7600018978
3856;13.384827137
4247;17.9596681595
4866;17.6347160339
5981;16.630355835
7278;15.673666954
6833;16.2641108036
7010;14.7189950943
8150;13.9915759563
4525;10.4454860687
10056;18.5080990791
3964;7.63938999176
6056;8.51544594765
8328;12.0390729904
614;8.45680713654
5565;8.36863303185
7337;11.1490700245
10531;14.3730509281
9976;10.9446949959
3051;11.7134971619
4219;11.5757548809
2909;12.9472870827
5041;17.0224778652
10761;11.3242249489
6773;10.8114671707
3692;8.74065494537
7129;13.1073400974
8463;12.6380620003
11167;13.83197999
9715;17.7784678936
12229;17.7633850574
10811;13.1878550053
13835;13.2694480419
9994;9.48693394661
14463;14.0853459835
16232;13.0814068317
20508;12.7613480091
15242;14.599820137
15229;11.6135959625
19665;14.8136329651
8484;11.4351201057
18958;13.1789908409
21829;11.202354908
10843;8.6264231205
24661;14.3869361877
15897;12.2165350914
9243;10.493637085
12106;11.098233223
9954;7.80213499069
15115;11.3738520145
17628;15.290792942
21911;14.053869009
19794;10.5428419113
4973;7.83895897865
20478;14.7464780807
25530;16.6505410671
19583;15.6350221634
24179;16.7387747765
10214;10.7982590199
17683;14.2442529202
11990;11.2055659294
25514;14.6843159199
37686;16.0759541988
23665;12.8264210224
14690;11.2467570305
16941;11.6681671143
22924;13.5616359711
22322;20.0903470516
26251;16.2911059856
16013;7.77449512482
23668;10.7299180031
22719;14.6865301132
33253;16.1510469913
28790;11.6663429737
13595;11.1278181076
31849;14.3795170784
35516;14.0512599945
11689;12.3649609089
15960;16.8502929211
9936;7.06054496765
17779;11.314057827
25565;13.3196680546
25450;11.2876200676
17651;8.02935886383
28354;13.986232996
20195;16.5806598663
24373;12.937292099
21587;9.61875700951
31144;10.8230688572
40983;13.7821409702
34347;11.0161590576
50
970;9.6242351532
1900;10.1164331436
900;14.0282080173
737;14.3620369434
836;11.3529629707
1842;12.6492779255
1648;11.2509839535
2174;13.0795710087
2755;12.1337809563
3296;12.767663002
2925;14.010931015
3064;12.5224177837
5552;12.7314019203
5010;12.6627209187
5376;12.5259740353
5323;12.3515741825
6631;11.2199339867
8752;16.5051269531
7476;19.2606890202
5107;12.2783689499
6443;12.2899539471
11110;16.7646961212
7369;12.6096329689
1739;12.3912279606
6467;9.64190602303
11730;12.721487999
9329;10.6025800705
11689;12.0425908566
1383;10.2229280472
7018;12.2338500023
6355;13.7056159973
4998;16.1999001503
11482;11.8121888638
7511;10.8741471767
6002;10.587334156
5901;13.6357851028
10734;10.7611868382
11638;13.4249229431
10811;14.6247811317
7396;13.5767040253
11904;10.3544888496
12471;12.2890429497
12963;14.7963008881
6101;11.826677084
8354;13.8980760574
17394;14.4008140564
12215;14.1681809425
7822;16.6983580589
7981;14.2524299622
13742;14.8654060364
13975;16.6893751621
12683;13.8515789509
14312;13.643558979
19358;15.1224980354
17297;12.4697310925
14382;15.3904950619
21690;16.1231579781
23071;17.8844089508
19332;14.0035328865
20200;13.5867049694
28293;16.0874450207
25757;13.674298048
14055;12.6027090549
15064;10.6392350197
32663;17.4066839218
27022;15.0540931225
20214;10.7819731236
3342;11.519258976
2696;13.8736870289
18934;10.601804018
19151;10.1951630116
22521;10.7706339359
2349;14.6680779457
13955;11.7002720833
12040;11.5924758911
11588;14.656908989
11629;13.3037991524
25106;14.6075999737
13264;10.7550928593
10132;11.6023290157
25549;11.5641169548
21125;10.6247088909
23988;15.6462409496
13040;10.0160458088
28325;10.1323370934
32761;13.4219529629
21047;10.9232940674
12843;10.8816189766
30592;12.3034901619
37766;13.9674561024
21585;12.6659181118
25736;11.7516260147
23111;9.99029898643
33780;11.7885508537
22531;13.7199680805
24725;13.3971869946
26061;12.1530001163
35990;16.3208649158
30126;14.2770748138
30056;12.5487480164
50
997;21.353771925
982;21.1857969761
998;18.9004659653
1001;16.5859680176
1037;17.1117420197
1526;20.8951909542
1828;18.3177609444
1853;17.2572128773
2035;21.9464821815
2520;15.465277195
2558;14.5097341537
2996;15.2891590595
3538;17.0893390179
3732;15.4763438702
4554;17.9634339809
4125;15.0415511131
4497;15.8920881748
4400;16.1291880608
4595;17.2589528561
4923;21.7475888729
5788;19.5414230824
5569;20.5508229733
5602;24.1230249405
6564;30.2749118805
5782;23.2307989597
6354;17.5813291073
7221;20.997740984
5668;21.0660119057
6353;21.562417984
7471;20.9524059296
7639;18.0694658756
7670;20.1085269451
9131;17.6394078732
8406;19.4062361717
8440;18.2997360229
7014;15.6294460297
8944;16.9425089359
8930;15.6459600925
10494;17.5276739597
10634;16.478703022
9958;15.4310059547
10235;18.6991438866
11493;18.8197991848
10901;16.613822937
10090;14.4209039211
12468;16.5841891766
11031;14.8860750198
12703;17.4190309048
9758;14.0779960155
12473;16.0973100662
12084;16.8568501472
12850;17.4132471085
12559;15.828524828
15514;17.4389278889
13287;15.7079060078
13871;16.0912439823
16029;16.4103879929
15953;17.4198851585
14765;16.5518760681
13776;14.6270749569
12639;13.3648409843
15931;15.3340601921
14741;15.1601400375
16892;16.1508960724
16307;15.468775034
16381;16.1961688995
14931;14.9176659584
16243;18.4356389046
16264;19.4251930714
18391;17.4900209904
15617;20.1459140778
18245;20.7960479259
18268;22.0680890083
19527;23.3112339973
18550;20.0483260155
18636;22.337293148
17649;24.7948038578
14995;19.9393260479
19211;20.6670651436
18125;23.594930172
22714;23.8462460041
21106;20.5055189133
22652;23.8795340061
18588;23.6813759804
21954;19.2655758858
23086;20.0367820263
21404;20.6867949963
21011;22.0852270126
27185;25.1449460983
25154;26.1972498894
24244;23.1930310726
23405;21.4548690319
21523;19.9093828201
25777;23.1694078445
22372;20.3408310413
19727;24.1065678596
24481;21.0693559647
26070;24.4466559887
23372;21.0142240524
23048;21.5408718586
997;14.7657730579
982;14.2079250813
998;13.8332598209
1001;19.2299339771
1037;15.8500509262
1526;14.9364209175
1828;13.976899147
1853;12.7055978775
2035;12.1962900162
2520;14.6178648472
2558;14.6802060604
2996;21.2370109558
3538;29.5730371475
3732;17.0703539848
4554;22.0923571587
4125;24.9167010784
4497;20.9362020493
4400;17.8954598904
4595;21.8886320591
4923;23.731306076
5788;23.7932298183
5569;16.3270690441
5602;17.9792029858
6564;15.9967000484
5782;14.3460409641
6354;16.1536588669
7221;19.5994241238
5668;16.3735158443
6353;14.1713058949
7471;15.3694279194
7639;15.1646509171
7670;14.832736969
9131;19.7085769176
8406;19.7362778187
8440;21.2661747932
7014;15.321046114
8944;21.8071300983
8930;25.7700548172
10494;22.3054490089
10634;20.5371549129
9958;15.6258900166
10235;14.1710860729
11493;13.973706007
10901;13.4996721745
10090;12.4662828445
12468;13.9679789543
11031;12.4680018425
12703;15.0406517982
9758;12.3486361504
12473;15.9495611191
12084;17.2461538315
12850;14.9264450073
12559;14.202395916
15514;20.5135560036
13287;17.7313981056
13871;24.7289340496
16029;29.5004110336
15953;28.8805878162
14765;24.7351660728
13776;23.0090429783
12639;19.3051550388
15931;16.6310219765
14741;14.4432580471
16892;15.4711940289
16307;20.6484820843
16381;16.4918708801
14931;13.1443660259
16243;19.2519910336
16264;16.3148870468
18391;16.5244281292
15617;14.0477972031
18245;17.9340589046
18268;19.0027010441
19527;14.8338971138
18550;17.1978061199
18636;17.0775048733
17649;13.6735150814
14995;12.6548941135
19211;14.218629837
18125;12.8632030487
22714;16.3829348087
21106;20.7833878994
22652;18.6377739906
18588;18.9565610886
21954;19.4697110653
23086;15.561068058
21404;17.430052042
21011;15.466427803
27185;18.826832056
25154;15.2792370319
24244;16.8702759743
23405;17.4551169872
21523;15.9569540024
25777;21.1504290104
22372;15.2705249786
19727;14.3053870201
24481;20.9327630997
26070;15.6206281185
23372;15.2272830009
23048;17.7354688644
50
997;19.5639710426
982;18.8593211174
998;17.810970068
1001;17.884360075
1037;16.5152850151
1526;18.6000001431
1828;18.565256834
1853;17.2665519714
2035;16.9091629982
2520;18.5513091087
2558;17.1974720955
2996;18.0766568184
3538;18.7169599533
3732;18.4868900776
4554;20.2518510818
4125;17.9959030151
4497;18.1803820133
4400;18.4319069386
4595;17.9930739403
4923;18.0098290443
5788;18.6265590191
5569;18.1455039978
5602;17.4650430679
6564;18.7245109081
5782;17.4109978676
6354;17.5554180145
7221;18.5170750618
5668;16.4219419956
6353;16.5880181789
7471;18.1518139839
7639;18.2351090908
7670;17.8548700809
9131;18.9838240147
8406;18.4124469757
8440;17.6909029484
7014;16.5070829391
8944;17.3658921719
8930;17.3941180706
10494;18.6090488434
10634;18.6498777866
9958;17.5849838257
10235;17.791697979
11493;18.6179580688
10901;17.5743720531
10090;16.9558861256
12468;18.8191599846
11031;17.4890949726
12703;19.308065176
9758;15.6896100044
12473;17.7280709743
12084;17.6298930645
12850;17.6607239246
12559;17.4599518776
15514;19.0512640476
13287;17.9397220612
13871;18.1101489067
16029;19.1651918888
15953;19.0337350368
14765;18.694206953
13776;17.4989700317
12639;16.4234089851
15931;18.4905519485
14741;17.38677001
16892;18.2209649086
16307;18.2680399418
16381;17.7585129738
14931;16.194688797
16243;17.8865878582
16264;17.6999151707
18391;17.9680099487
15617;16.8537290096
18245;18.1245548725
18268;18.0454721451
19527;18.7859911919
18550;17.321160078
18636;17.8047070503
17649;16.9990749359
14995;16.6461679935
19211;17.5889120102
18125;17.0537660122
22714;18.8457570076
21106;17.7037780285
22652;18.8522531986
18588;16.8925709724
21954;18.1091151237
23086;18.4353499413
21404;17.5742919445
21011;18.0378258228
27185;20.0459079742
25154;19.4958920479
24244;19.632627964
23405;18.2645149231
21523;17.4350841045
25777;21.7895729542
22372;29.4929449558
19727;16.529168129
24481;18.0255529881
26070;18.6357769966
23372;16.9621908665
23048;17.2098741531
