100
970;8.24577093124
900;10.4792528152
1399;11.737983942
2292;7.69409179688
2484;7.98955202103
3598;10.4446120262
4313;9.45443701744
6601;8.41882586479
6292;8.72507405281
6239;10.8904078007
8024;6.4849998951
7719;8.77334594727
9744;5.11756706238
11613;10.1949090958
14969;9.21917796135
13759;9.20999193192
14685;11.6265320778
15322;9.21101903915
8682;8.41601395607
19531;7.85832595825
9037;6.70535302162
11316;8.58249187469
16942;6.94687080383
1196;7.39711689949
11992;6.58532094955
16808;7.13442492485
20963;8.78793001175
19591;9.27279400826
6298;7.39086794853
8510;6.23395800591
6448;8.41349601746
10310;7.78815603256
25582;7.60702204704
12048;6.33663201332
8072;9.69502305984
13578;7.06038308144
17240;9.75071501732
21421;5.89474797249
19059;10.5904688835
23019;6.89913702011
22478;6.52371907234
26932;5.56626415253
21606;8.33976316452
28479;6.88197612762
32338;6.28877091408
37297;10.2047371864
31146;8.64707517624
30473;6.62506580353
39525;8.03871798515
17689;9.71798801422
36677;8.29118585587
43933;6.8080060482
22401;10.0605418682
48487;9.55402898788
30369;8.23040390015
20030;9.47816491127
26752;6.31609201431
20184;8.99107289314
29301;6.77691102028
34136;9.87444186211
40187;5.28933691978
37870;8.68065500259
11161;6.23163104057
42263;7.02844882011
48518;5.09051799774
41753;7.87240600586
49984;7.10689592361
20920;7.98363089561
33609;6.54579091072
23296;7.00772690773
51466;7.51211094856
70075;10.1748838425
39309;6.96822881699
28761;7.50659012794
35137;9.73006892204
41568;10.47447896
42521;8.13258194923
50558;7.0804400444
37410;10.1175789833
48896;9.38442707062
44743;8.31758594513
59685;7.18468403816
57851;10.5421299934
25070;5.41518115997
67718;8.19369101524
73306;10.6382689476
23210;10.0933430195
30802;5.84747600555
18611;6.9269349575
33995;11.2432308197
44765;9.52327799797
53192;7.01514911652
37209;6.01090216637
55582;9.74702095985
45851;10.26085186
43385;7.20367598534
46329;6.53720211983
66748;11.0020041466
75752;7.55536293983
64480;7.83115506172
100
970;8.65576601028
900;8.07313489914
1399;8.5723669529
2292;9.24835801125
2484;10.6955738068
3598;9.04214596748
4313;8.79420495033
6601;9.70867395401
6292;10.8054828644
6239;8.95221590996
8024;8.65578508377
7719;10.1311700344
9744;11.0752630234
11613;10.2436518669
14969;9.16794419289
13759;10.3027479649
14685;9.63652205467
15322;8.15347599983
8682;6.03647089005
19531;11.3864030838
9037;5.5823059082
11316;5.01156878471
16942;7.55373692513
1196;5.31496191025
11992;5.58773803711
16808;8.02251005173
20963;8.94226503372
19591;6.67773318291
6298;7.4358689785
8510;7.17950582504
6448;8.32700896263
10310;10.7317299843
25582;7.88745188713
12048;5.74640989304
8072;6.05735588074
13578;7.6270980835
17240;7.94186282158
21421;8.31100893021
19059;10.6335709095
23019;10.1941959858
22478;8.33140778542
26932;8.18865799904
21606;7.91770195961
28479;8.77613687515
32338;8.17927503586
37297;7.86175394058
31146;9.31776213646
30473;7.64698004723
39525;8.65495681763
17689;7.0120909214
36677;7.44040703773
43933;7.76455497742
22401;5.89654397964
48487;10.0800690651
30369;7.13312101364
20030;6.38054800034
26752;7.58701586723
20184;4.75483393669
29301;6.13613200188
34136;6.88684105873
40187;7.95942211151
37870;6.151086092
11161;5.40119504929
42263;9.26451301575
48518;8.25770187378
41753;7.0883398056
49984;8.62387895584
20920;6.56033802032
33609;7.74587512016
23296;6.11477279663
51466;8.46921205521
70075;12.5288469791
39309;6.32300686836
28761;6.90390110016
35137;6.83050012589
41568;6.71866703033
42521;9.76877093315
50558;8.28648614883
37410;4.92602801323
48896;5.86825299263
44743;8.08833098412
59685;8.09132003784
57851;7.15667390823
25070;6.4595220089
67718;9.16719198227
73306;9.04891514778
23210;7.75961184502
30802;10.5847890377
18611;4.27602791786
33995;7.27375006676
44765;8.36806702614
53192;7.86277389526
37209;5.11037802696
55582;7.40101480484
45851;7.71020197868
43385;7.06361413002
46329;7.68728899956
66748;8.67623710632
75752;9.45539689064
64480;7.51301717758
100
970;7.31016421318
1900;6.42963600159
1309;10.1385397911
1315;9.69766902924
1594;8.37586688995
3882;10.2706799507
3758;9.81839203835
4250;8.8814060688
4874;8.2312707901
6232;9.08646082878
5863;9.63263297081
6082;9.40363407135
10895;9.3584420681
10560;9.9469628334
10940;9.5920419693
10279;7.85405302048
14585;9.11192393303
15857;10.6742289066
15235;11.4751639366
8447;5.93338084221
10777;6.40741896629
22022;10.9731259346
16516;7.68983697891
4114;8.48665904999
12098;6.748005867
24218;9.91435289383
19431;8.24437093735
19155;7.25333499908
3030;8.24447607994
12297;6.90125107765
11850;8.0449180603
11164;10.1879901886
21881;7.16327595711
12995;6.01021504402
11925;6.64823412895
12940;9.22825813293
21618;6.68580102921
21565;7.7517619133
21125;8.95689487457
12908;7.59103894234
26893;7.25146698952
22814;6.9610478878
25027;8.99849891663
12907;7.85438203812
14025;7.29102611542
32644;8.24807810783
24607;8.74181509018
14033;9.06347894669
13819;7.71200203896
28738;9.92482709885
28427;10.3096930981
24784;8.1411511898
25502;7.42943906784
41656;10.285214901
38387;8.6473801136
26003;8.70372009277
45109;9.49738001823
45722;11.179377079
41313;9.49505996704
38841;8.08602404594
61216;11.109375
60585;10.354888916
24732;6.97683095932
27085;5.98511219025
60039;9.58012104034
61645;10.5077781677
42854;6.9317150116
8495;8.53731703758
5151;8.58286690712
36609;6.4812078476
45057;7.53644990921
40804;6.359790802
5115;9.73372006416
26109;6.67436695099
24588;8.06504583359
23491;10.8438940048
21649;9.35300993919
45060;9.32982993126
26877;7.40058398247
23396;9.04886198044
49612;7.56621003151
39270;7.161454916
47421;10.570100069
21056;6.17348599434
64175;8.65962100029
65496;10.2766218185
44534;8.78997898102
23238;7.58793520927
70313;8.50549912453
69134;9.63599014282
44023;8.47217607498
41097;7.11292600632
38951;6.02231693268
71104;9.4251639843
45055;9.00418496132
43092;7.87677502632
44908;7.26319813728
69077;9.51321315765
67473;8.67109203339
57767;6.82880496979
100
997;11.9878618717
992;11.4721710682
1465;11.3598828316
2034;11.654433012
2213;10.4418580532
3011;12.6300871372
3491;11.2659440041
4122;12.2920739651
3897;11.1721749306
5341;12.1845741272
5368;11.2509939671
6244;12.1566369534
6679;12.3787360191
7368;11.7080628872
8398;12.6603219509
7853;11.1184220314
8223;11.4036450386
8933;13.1063449383
9238;11.5687689781
10672;12.6573200226
11130;11.8633780479
10540;11.112498045
11724;11.8748722076
12157;13.1716291904
12092;11.0958888531
11976;11.1658101082
14794;13.0186338425
12398;11.2682020664
14086;12.0361289978
15856;12.3141849041
15783;12.1046271324
15444;11.9114620686
16442;11.4154059887
17722;12.4854269028
16544;11.365940094
15686;11.3277449608
18939;12.117631197
18889;11.4958322048
21240;12.9878499508
19140;11.2024710178
22981;12.6279928684
22451;12.8255581856
21804;12.4901850224
22323;11.908591032
20885;10.8273100853
23613;11.7976591587
22232;10.8355560303
24116;11.2309579849
21899;11.6920371056
23670;11.6384100914
24314;11.7957670689
26559;12.7304990292
26449;12.3136370182
27655;12.1758699417
28765;12.027547121
26858;11.8602499962
28427;11.9147949219
27995;11.8785910606
29703;12.5275409222
30892;12.0079729557
29050;11.1900141239
30303;11.4019110203
29686;11.5368618965
33975;11.8806519508
30826;11.1730439663
31548;10.9361979961
31586;11.5421769619
32275;11.3456161022
33385;11.7346320152
34092;11.0589962006
32707;10.9717280865
36791;12.0040278435
36528;12.0779659748
36274;11.2181639671
36754;12.3365871906
37221;11.3556010723
35499;11.4615018368
34034;11.1777038574
40022;11.8276469707
37615;11.2769501209
41565;11.7898659706
41527;12.244934082
43574;12.3493890762
43042;12.4739661217
41065;10.9001479149
42926;11.3267550468
40223;10.6867370605
46758;13.3503088951
49039;11.9908108711
48409;12.0839190483
44162;11.588326931
47083;11.7117650509
44820;11.3379838467
48342;12.4787769318
46405;11.1600019932
43344;10.8441779613
47001;11.1088221073
49110;11.5210778713
48907;12.1719479561
52049;11.9668109417
