n   k=0 k=n/2   k=n
125	0,5.41210174561e-05	62,0.000262975692749	124,0.000208854675293
500	0,0.000196218490601	250,0.00119304656982	499,0.000645875930786
1000	0,0.000379085540771	500,0.00251221656799	999,0.00130486488342
2000	0,0.000729084014893	1000,0.0052318572998	1999,0.00252079963684
4000	0,0.00148296356201	2000,0.0111281871796	3999,0.00517416000366
6000	0,0.00211787223816	3000,0.0165169239044	5999,0.00767111778259
10000	0,0.00361084938049	5000,0.0292880535126	9999,0.0130150318146
14000	0,0.00522494316101	7000,0.0422399044037	13999,0.0184350013733
18000	0,0.00641894340515	9000,0.0577540397644	17999,0.0243530273438
22000	0,0.00778889656067	11000,0.0722551345825	21999,0.0302271842957
26000	0,0.00935411453247	13000,0.0820550918579	25999,0.034893989563
30000	0,0.0106201171875	15000,0.0962212085724	29999,0.040088891983
34000	0,0.0122048854828	17000,0.110952854156	33999,0.0469319820404
38000	0,0.0152819156647	19000,0.141133069992	37999,0.0565099716187
42000	0,0.0150299072266	21000,0.136099100113	41999,0.0590810775757
46000	0,0.0163569450378	23000,0.152476072311	45999,0.0634989738464
50000	0,0.0179631710052	25000,0.164521932602	49999,0.0692710876465
54000	0,0.0192940235138	27000,0.180156946182	53999,0.0765221118927
58000	0,0.0207190513611	29000,0.19082403183	57999,0.0823509693146
62000	0,0.0217869281769	31000,0.2039270401	61999,0.0884048938751
66000	0,0.0231630802155	33000,0.235038995743	65999,0.0952839851379
70000	0,0.0271410942078	35000,0.237253904343	69999,0.105448961258
74000	0,0.0268149375916	37000,0.247491836548	73999,0.10564494133
78000	0,0.0277729034424	39000,0.261307001114	77999,0.11369395256
82000	0,0.0293970108032	41000,0.272321939468	81999,0.121203899384
86000	0,0.0310530662537	43000,0.283617973328	85999,0.125665187836
70000	0,0.0321719646454	45000,0.298576831818	89999,0.132977962494
94000	0,0.0335931777954	47000,0.3112180233	93999,0.137525081635
100000	0,0.0365681648254	50000,0.3356320858	99999,0.14889216423
