n   k=0 k=n/2   K=n
125	0,0.000126838684082	62,0.000169992446899	124,6.79492950439e-05
500	0,0.000469207763672	250,0.000595092773438	499,0.000255107879639
1000	0,0.000938892364502	500,0.00154519081116	999,0.000464916229248
2000	0,0.00186395645142	1000,0.00245904922485	1999,0.000985145568848
4000	0,0.00371193885803	2000,0.00506496429443	3999,0.00181889533997
6000	0,0.00577902793884	3000,0.00871205329895	5999,0.00294399261475
10000	0,0.0091860294342	5000,0.0157251358032	9999,0.00448799133301
14000	0,0.0129399299622	7000,0.0168468952179	13999,0.0066089630127
18000	0,0.0165021419525	9000,0.0231149196625	17999,0.00832295417786
22000	0,0.0201120376587	11000,0.0359580516815	21999,0.0104548931122
26000	0,0.0235800743103	13000,0.0356130599976	25999,0.0121381282806
30000	0,0.0279011726379	15000,0.0390439033508	29999,0.0140750408173
34000	0,0.031574010849	17000,0.0405218601227	33999,0.0156190395355
38000	0,0.0350790023804	19000,0.0526819229126	37999,0.0184099674225
42000	0,0.0389420986176	21000,0.0689959526062	41999,0.0196559429169
46000	0,0.0437040328979	23000,0.0552160739899	45999,0.0209717750549
50000	0,0.0469040870667	25000,0.0624179840088	49999,0.0238268375397
54000	0,0.058501958847	27000,0.0705919265747	53999,0.0249328613281
58000	0,0.0549468994141	29000,0.0819480419159	57999,0.0278129577637
62000	0,0.0575580596924	31000,0.0998601913452	61999,0.0286159515381
66000	0,0.0621449947357	33000,0.0912280082703	65999,0.0312948226929
70000	0,0.0653088092804	35000,0.0961008071899	69999,0.0339779853821
74000	0,0.0693359375	37000,0.119064092636	73999,0.0339801311493
78000	0,0.0742518901825	39000,0.104699134827	77999,0.0358991622925
82000	0,0.0788168907166	41000,0.115353822708	81999,0.0391991138458
86000	0,0.0823740959167	43000,0.109535932541	85999,0.0400640964508
90000	0,0.0861270427704	45000,0.137850046158	89999,0.0416529178619
94000	0,0.0899438858032	47000,0.153820037842	93999,0.0448548793793
100000	0,0.0959501266479	50000,0.125393867493	99999,0.0467779636383
